[-0.05064441 -0.0454157  -0.03863809  0.1238857  -0.17153123 -0.11867822
  0.02890156  0.112048   -0.09327768  0.02342651 -0.04263062  0.00229562
 -0.04183264 -0.09272316  0.08269401 -0.12380875 -0.03486872  0.09393644
 -0.03545897 -0.02708105  0.02553916  0.01760779 -0.03746774  0.0600704
  0.14315012  0.08782257 -0.05382939 -0.1027441  -0.01901018  0.04808049
  0.02561738 -0.10317232 -0.0195839  -0.00334059  0.04505879  0.09096204
 -0.03140506  0.0870906   0.0168099   0.03680986 -0.15534179 -0.05941727
 -0.06038506  0.09283517  0.09830038 -0.03424021  0.12997095  0.01367532
 -0.1353474  -0.14344552  0.13645214 -0.00243678  0.04650736  0.03995046
 -0.14444819 -0.02544889  0.0535116  -0.1243607   0.06327347  0.0356595
  0.03154987 -0.09202431 -0.0024425  -0.06850627 -0.1184321   0.0194205
  0.15411521 -0.02318539  0.09798521 -0.00268641 -0.0524019   0.04244062
  0.05403952 -0.06330046  0.03489763 -0.07221351 -0.04871832 -0.11483989
 -0.17890601 -0.09552872 -0.1274619   0.04088498  0.01993869 -0.02016832
  0.05161032  0.03508554 -0.02942323  0.09461148  0.0391582   0.01784351
  0.08378977 -0.02866556 -0.03195906  0.08919805 -0.05779259  0.08755076
  0.06317925  0.06403866  0.05027245  0.08374018  0.04878011 -0.16296282
  0.07237372 -0.00074766  0.00944772 -0.03122542  0.07001545  0.04356825
 -0.04049782  0.1311613   0.05238483  0.04884223  0.0361609   0.07538345
 -0.08132887  0.03517839 -0.05959438  0.01839183 -0.12098076  0.03098428
 -0.05305768 -0.07242869 -0.16474998 -0.09389081 -0.1440428  -0.13302939
  0.1136978   0.13629845]
[ 6.89088926e-03 -6.59180433e-02 -4.50071804e-02  2.29015984e-02
 -6.38795495e-02 -1.58570990e-01  1.01714134e-02  1.08128540e-01
  2.94478098e-03 -1.02350496e-01 -1.40007347e-01  1.58025220e-01
  5.64140640e-02 -1.21712476e-01  7.52332881e-02 -1.19050942e-01
  1.04664050e-01  2.65153974e-01 -6.65786043e-02 -5.31295948e-02
 -4.64509651e-02 -9.09922346e-02 -1.79882243e-01 -6.54115155e-02
  1.34535342e-01 -5.55657931e-02 -5.43743595e-02 -2.01117977e-01
  7.93624446e-02  3.77176814e-02 -1.36377439e-01 -4.51337826e-03
  1.60032436e-02 -9.18702930e-02  5.18363267e-02  6.29502907e-02
  7.74142891e-02  8.69988576e-02  2.95801908e-02  8.42290893e-02
  1.51355546e-02 -1.00379966e-01  1.16910361e-01  9.90971550e-02
  4.07381449e-05 -2.38984823e-03  1.64151192e-01  7.14732558e-02
 -1.94832403e-02 -2.01093301e-01  1.35425106e-01 -8.24262202e-02
  1.48889080e-01 -5.25348596e-02 -2.55683333e-01 -5.30620143e-02
  1.80313528e-01 -4.67187837e-02  1.89039558e-01  3.94898169e-02
  1.80155307e-03 -9.21674073e-02 -4.13161479e-02  2.79233046e-02
 -1.89140346e-02 -1.26001999e-01  2.40922391e-01 -6.43971860e-02
  8.63986090e-02 -2.27191988e-02 -1.54152676e-01 -1.29346788e-01
  3.25288437e-02  6.87680691e-02  2.99065392e-02 -1.77666262e-01
 -3.66985649e-02 -4.61058132e-02 -3.62318046e-02 -9.48905796e-02
 -1.52577072e-01  1.07535757e-01 -5.35668135e-02  1.50504455e-01
  1.44397914e-01 -5.89336790e-02  1.26184877e-02  2.27984898e-02
 -6.25955686e-03  2.75698174e-02  9.81047377e-02 -2.95451819e-03
  2.15970725e-01  1.01561241e-01 -6.89059123e-02  3.23610157e-02
  4.10059094e-02  3.78584526e-02  1.30548894e-01  6.63909689e-02
  1.68368027e-01 -6.45847395e-02  1.44035310e-01 -3.49865519e-02
  1.33523867e-02 -4.24429700e-02 -3.26918624e-02  6.41781688e-02
 -2.12761778e-02  1.20676510e-01  2.03453805e-02 -7.11309761e-02
  5.91930328e-03  4.06144597e-02 -6.24041744e-02 -4.03383598e-02
  5.16756549e-02 -9.53207836e-02 -8.32621753e-03 -5.57888998e-03
 -1.64296642e-01 -3.34821865e-02 -1.78648338e-01  1.94734428e-02
 -9.42450464e-02 -1.13612972e-04  1.59015328e-01  1.62076041e-01]
[-0.10082262 -0.08177011 -0.07979017  0.14820796 -0.20084405 -0.20588206
  0.03155353  0.20576644 -0.06809483 -0.08685561 -0.11798025  0.16763805
  0.02776243 -0.13982001  0.11376458 -0.20949987  0.0826441   0.31653303
 -0.09673674 -0.03563843 -0.03404763 -0.05800907 -0.21506912 -0.03866609
  0.25069645  0.02625482 -0.11514422 -0.24967112  0.04999585  0.04972257
 -0.1048025  -0.07567163  0.01566743 -0.11021349  0.11074301  0.11429719
  0.06390958  0.13499027  0.06077506  0.11710202 -0.12562199 -0.15478005
  0.04302419  0.13919738  0.02455924  0.0255448   0.21990457  0.10471674
 -0.08936903 -0.29817635  0.25101972 -0.070879    0.17542344  0.00779361
 -0.37403587 -0.11199212  0.21491608 -0.19574042  0.17537925  0.06277195
  0.07042412 -0.1580319  -0.04467515 -0.00450828 -0.1308829  -0.12224092
  0.38849878 -0.06500891  0.13080996 -0.06408778 -0.16278751 -0.06409843
  0.02372822 -0.00925988  0.09381331 -0.22682759 -0.08783167 -0.15320471
 -0.18733725 -0.1466128  -0.2329288   0.16623753 -0.05259624  0.12469942
  0.14362343 -0.01107235 -0.02140798  0.08625257  0.03643215  0.05256609
  0.17650953  0.03697199  0.17932357  0.1316604  -0.09941862  0.05557795
  0.08961795  0.10137905  0.19202094  0.14822973  0.19492312 -0.20914434
  0.16597687 -0.07026879  0.04499793 -0.04703874  0.05266348  0.13614951
 -0.05996569  0.19110909  0.04476141 -0.00331638 -0.00997199  0.11823797
 -0.13443981 -0.02200359 -0.03092821 -0.10676035 -0.12041795 -0.01865971
 -0.20708166 -0.06915732 -0.28969982 -0.08425854 -0.18973793 -0.11265398
  0.25213733  0.23649555]
[ 0.07377478 -0.13800177 -0.10047492 -0.02374409 -0.05721065 -0.26166692
 -0.00622535  0.1470318   0.05746732 -0.19873507 -0.2758613   0.28695273
  0.14521705 -0.23089564  0.10504621 -0.15938051  0.19469562  0.47664773
 -0.09882794 -0.10452377 -0.07983617 -0.1913083  -0.34202513 -0.12315439
  0.18429351 -0.15166092 -0.06872764 -0.35092968  0.15782993  0.11143631
 -0.2821859   0.04761561  0.01044142 -0.13785578  0.07092507  0.07212617
  0.16707283  0.13055553  0.01647863  0.14832774  0.1015659  -0.14840513
  0.2556376   0.1546491  -0.02275514 -0.03384952  0.27464643  0.10492458
  0.01481458 -0.3137021   0.18959682 -0.16411944  0.2554447  -0.14318798
 -0.40107676 -0.04803732  0.3144541   0.00797893  0.37507722  0.07704571
 -0.03020764 -0.10399201 -0.04761779  0.0918889   0.01696071 -0.2518654
  0.37137768 -0.1104098   0.16697605 -0.02796143 -0.27558836 -0.29484454
  0.07379952  0.16446951 -0.01072707 -0.29422688 -0.06019299 -0.03124695
  0.0222384  -0.16409487 -0.21792163  0.13701501 -0.11300039  0.31029093
  0.2749644  -0.16379784  0.03339206 -0.00982251 -0.03231516  0.03180202
  0.13771954 -0.01362408  0.42826885  0.17614926 -0.09039326  0.04001557
  0.01184392  0.02122191  0.19882853  0.06910669  0.29442188 -0.01765456
  0.2638055  -0.05088112  0.02138766 -0.0561114  -0.10598533  0.1073855
 -0.02024833  0.20828575  0.03233318 -0.17510574  0.02586525  0.02977207
 -0.07831746 -0.07749303  0.15261461 -0.18579984  0.05428615 -0.00799633
 -0.27436954 -0.02848356 -0.2660988   0.08997558 -0.11120282  0.08534163
  0.22730383  0.25658166]
[-0.09380729 -0.05495879 -0.06746466  0.18770562 -0.24588367 -0.17699066
  0.04732356  0.17639698 -0.11834922  0.02070177 -0.05855134  0.04467274
 -0.04141039 -0.12001013  0.12684818 -0.18133196 -0.03059436  0.18194318
 -0.06296503 -0.03739588  0.01524145  0.02382069 -0.09497643  0.05560622
  0.21288033  0.12109568 -0.09847475 -0.17136888 -0.01041351  0.06838695
  0.02046921 -0.12737939 -0.00382831 -0.02827549  0.0999344   0.12420239
 -0.02496224  0.10487943  0.0434607   0.08381382 -0.21140519 -0.12130977
 -0.06309032  0.13687083  0.1035195  -0.02879486  0.19117111  0.02448911
 -0.15659605 -0.22167914  0.21670546 -0.00141595  0.10035919  0.06666804
 -0.2595367  -0.06277553  0.11510874 -0.20419219  0.09656963  0.04168609
  0.06718352 -0.1506679  -0.01813058 -0.08089425 -0.185829    0.00485386
  0.26974222 -0.03517852  0.14062539 -0.0222445  -0.09610465  0.03933375
  0.05592086 -0.07897315  0.06180567 -0.12682146 -0.08354378 -0.16755581
 -0.27158284 -0.1468559  -0.2130564   0.08419669  0.01004966 -0.01768758
  0.07487155  0.01976788 -0.04424183  0.11332696  0.06909863  0.04789045
  0.15039335 -0.01316876  0.00133665  0.12361085 -0.08684062  0.11506181
  0.10728884  0.09566016  0.11421725  0.13899224  0.11506312 -0.22871937
  0.10682381 -0.02462417  0.03410007 -0.05319477  0.09432922  0.08800862
 -0.05962365  0.1791651   0.07316445  0.05695501  0.04236875  0.13300647
 -0.13824579  0.02940721 -0.07287889 -0.01464144 -0.19282852  0.01572487
 -0.10898873 -0.08803795 -0.24976702 -0.1390978  -0.20391029 -0.18814828
  0.18710606  0.19890982]
[-0.1322803  -0.04462113 -0.04932621  0.13445465 -0.18371102 -0.11079306
  0.05523681  0.20028871 -0.02411375 -0.06204313 -0.05924348  0.13891521
  0.06091114 -0.00703518  0.0927642  -0.1381803   0.03938675  0.24556054
 -0.10235289  0.00475961 -0.06630608 -0.01527163 -0.17950927 -0.06678508
  0.16358186  0.07353258 -0.10181272 -0.1923427   0.07946507  0.00468624
 -0.05366702 -0.0114759   0.02507506 -0.10789442  0.13679558  0.11784187
  0.00262525  0.04099169  0.09656446  0.13881065 -0.0629953  -0.15134983
  0.0078589   0.10589634 -0.03129185 -0.01304372  0.180783    0.03828462
 -0.05474524 -0.20660225  0.19277368  0.0030572   0.15819696  0.02931204
 -0.35725626 -0.14398457  0.21204834 -0.20463437  0.11651415  0.01383103
  0.09770746 -0.19726369 -0.03177603 -0.03156927 -0.12643291 -0.11410867
  0.29861858 -0.05992389  0.08837222 -0.06234298 -0.15947366 -0.01406263
 -0.00684427 -0.04566956  0.10167903 -0.20421268 -0.087059   -0.09838887
 -0.22141938 -0.1781959  -0.2301745   0.15181671 -0.00055555  0.05748565
  0.09695685 -0.05265167 -0.02400284  0.05311844  0.01413228  0.05838096
  0.13116297  0.05804345  0.16778675  0.11126661 -0.14963621  0.06486785
  0.12937014  0.04013305  0.21199138  0.1398054   0.20735604 -0.15419547
  0.10788236 -0.10574762  0.04843669 -0.09513506  0.02624032  0.10717197
 -0.04657717  0.06503251  0.06669453 -0.01644594  0.00059184  0.1611868
 -0.12606175 -0.07451861  0.01431159 -0.10559122 -0.17374077 -0.0438039
 -0.24916956 -0.02464427 -0.24375103 -0.07307808 -0.09269846 -0.09156603
  0.22829032  0.1195542 ]
[-8.52179006e-02 -9.55406576e-02 -1.29080787e-01  1.54047564e-01
 -2.26020038e-01 -2.35425070e-01  1.05468519e-02  2.27318674e-01
 -4.28268127e-02 -1.33609056e-01 -1.41852424e-01  2.08142683e-01
  6.35958090e-02 -2.22356901e-01  7.66231194e-02 -2.70958394e-01
  1.43495888e-01  4.42013234e-01 -1.00526750e-01 -4.66165207e-02
 -3.94711271e-02 -1.16505735e-01 -3.11704367e-01 -8.30043107e-02
  2.66440958e-01 -3.74412313e-02 -1.35590792e-01 -3.38934213e-01
  6.00022152e-02  1.27204984e-01 -1.65702283e-01 -7.67486766e-02
  1.56616103e-02 -1.37137637e-01  9.99208763e-02  1.06141180e-01
  1.29211381e-01  1.36220068e-01  4.80399169e-02  9.97695178e-02
 -1.31372005e-01 -1.57329246e-01  6.46099672e-02  1.32526100e-01
  4.28103767e-02  8.66265148e-02  2.57472008e-01  1.63265109e-01
 -5.05965464e-02 -3.79179925e-01  3.04722399e-01 -9.02201980e-02
  2.07977504e-01 -1.85037963e-02 -4.06376809e-01 -8.16770345e-02
  2.15359986e-01 -1.69740006e-01  2.31762916e-01  1.16543084e-01
  6.80348650e-02 -1.26338348e-01 -5.92212901e-02  1.20421229e-02
 -1.22451596e-01 -1.65554762e-01  4.95743930e-01 -6.96704686e-02
  1.83480605e-01 -8.48248526e-02 -1.80903718e-01 -1.19990394e-01
  2.32663471e-03  6.24977536e-02  5.99321239e-02 -2.40895882e-01
 -1.30929187e-01 -1.68076441e-01 -1.36052728e-01 -1.15649141e-01
 -1.89894676e-01  1.93440005e-01 -9.45741013e-02  2.04370007e-01
  1.56345338e-01 -5.64277545e-02 -2.69715600e-02  5.69393709e-02
  5.03340624e-02  5.51054776e-02  2.54148960e-01  6.54310361e-02
  2.42976427e-01  1.66002169e-01 -5.94251230e-02  1.90140456e-02
  5.75754642e-02  1.49021119e-01  2.18964234e-01  1.65910929e-01
  1.76238433e-01 -1.86118558e-01  1.95649505e-01 -8.29947591e-02
  3.04696485e-02 -1.29232965e-02  3.13573368e-02  2.02438623e-01
 -9.29854959e-02  2.73990393e-01  2.11439244e-02 -4.86888137e-04
 -5.56036048e-02  8.26256722e-02 -1.89940080e-01 -2.34239623e-02
  7.28410855e-03 -1.78008109e-01 -7.82783180e-02 -7.61711076e-02
 -1.79242477e-01 -6.02999702e-02 -3.23111922e-01 -7.23005235e-02
 -2.28669673e-01 -6.19017929e-02  2.65264243e-01  2.96923429e-01]
[-0.13966979 -0.06250034 -0.0751273   0.174077   -0.1839294  -0.16628791
  0.04227205  0.17584008 -0.07855896 -0.05500991 -0.0524312   0.12901387
 -0.01132558 -0.10749233  0.07265089 -0.20384385  0.07553168  0.25122517
 -0.09412586  0.00254426 -0.02008759 -0.0283446  -0.16289264 -0.04338877
  0.23757005  0.03450852 -0.11789074 -0.19561516  0.01035074  0.01641828
 -0.07021607 -0.08144973  0.03652812 -0.10773007  0.09045365  0.10132578
  0.05664219  0.11688981  0.06987186  0.0814501  -0.15423022 -0.14062412
 -0.0043304   0.11096689  0.01411533  0.06578603  0.15041086  0.11276311
 -0.0762861  -0.2679188   0.22755167 -0.04693098  0.13242026  0.05077958
 -0.3173661  -0.10768706  0.16370332 -0.21504076  0.07795931  0.05376771
  0.08343355 -0.13345997 -0.04676261 -0.00792032 -0.13637602 -0.08892643
  0.3554585  -0.02776781  0.0991246  -0.08870338 -0.10678013  0.00178611
 -0.01865717 -0.02534635  0.11850591 -0.18371323 -0.07771622 -0.16737323
 -0.18030713 -0.0997464  -0.19773425  0.17312141 -0.04694159  0.07837129
  0.07907075  0.03619816 -0.0186782   0.09628163  0.04205064  0.04083744
  0.1735181   0.06758021  0.10755068  0.08089159 -0.07262868  0.01978469
  0.08502103  0.12079998  0.16095419  0.15975094  0.12644671 -0.22253738
  0.1033197  -0.0626798   0.04484779 -0.02413175  0.09043679  0.14241028
 -0.05693767  0.15881014  0.02399905  0.03659669 -0.05433373  0.11119209
 -0.11972775 -0.00986324 -0.07552388 -0.07920768 -0.11249703 -0.02188948
 -0.15488844 -0.06794301 -0.24435444 -0.11331594 -0.19046618 -0.13332264
  0.23621783  0.19653541]
[-1.33458689e-01 -4.54167090e-02 -5.32797426e-02  1.58442870e-01
 -2.03162223e-01 -1.45251900e-01  5.31949624e-02  2.19167396e-01
 -3.08710374e-02 -5.65875359e-02 -7.16769919e-02  1.50328487e-01
  4.25230823e-02 -3.61479446e-02  9.98805016e-02 -1.73002928e-01
  5.19194119e-02  2.77392447e-01 -1.18672304e-01 -8.29817168e-03
 -6.46288767e-02 -1.73548553e-02 -2.09425017e-01 -6.58001304e-02
  2.00889200e-01  7.99461380e-02 -1.13105834e-01 -2.07512021e-01
  8.18875283e-02  1.29713481e-02 -5.02417088e-02 -3.54410112e-02
  2.33155340e-02 -1.22099049e-01  1.40882090e-01  1.32709235e-01
  2.02014875e-02  5.75700291e-02  9.26206782e-02  1.44393846e-01
 -9.25558582e-02 -1.64771870e-01  1.30097400e-02  1.32980093e-01
 -1.74461808e-02  8.10105819e-03  1.96886182e-01  6.39124662e-02
 -7.70235583e-02 -2.39196807e-01  2.36470237e-01  8.29031691e-04
  1.72800168e-01  4.52749506e-02 -3.86998177e-01 -1.44666925e-01
  2.18928963e-01 -2.20618159e-01  1.17915317e-01  2.25636978e-02
  1.02702498e-01 -1.94849044e-01 -4.56881449e-02 -4.27643806e-02
 -1.53953701e-01 -1.13694534e-01  3.29370916e-01 -5.52077107e-02
  1.10784136e-01 -7.02377334e-02 -1.60005763e-01 -1.49234142e-02
  3.03139095e-03 -3.59333344e-02  1.18592843e-01 -2.08457202e-01
 -9.90805849e-02 -1.28288046e-01 -2.42899776e-01 -1.75143704e-01
 -2.44967580e-01  1.73180044e-01 -2.20676302e-04  6.12769909e-02
  1.16596922e-01 -5.13560437e-02 -2.37631481e-02  6.01495616e-02
  2.65043359e-02  6.11582249e-02  1.65089801e-01  5.73162399e-02
  1.76310703e-01  1.31577283e-01 -1.49984747e-01  7.22191930e-02
  1.34440541e-01  6.26900643e-02  2.23473087e-01  1.67839825e-01
  2.10697591e-01 -1.79440558e-01  1.25647992e-01 -1.07539810e-01
  5.59299961e-02 -8.90912190e-02  4.41590063e-02  1.20138273e-01
 -6.25226349e-02  1.00709647e-01  7.70604759e-02 -1.16967093e-02
 -1.91876870e-02  1.74106419e-01 -1.40398785e-01 -6.18292131e-02
  2.99101695e-03 -1.08985737e-01 -1.88063264e-01 -3.85128558e-02
 -2.50276357e-01 -3.95808518e-02 -2.60535508e-01 -7.75884166e-02
 -1.36478648e-01 -9.92913321e-02  2.50533313e-01  1.59035832e-01]
[-0.100823   -0.07232613 -0.1025992   0.15044802 -0.18186416 -0.17996478
  0.01169738  0.19250324 -0.04178952 -0.09563937 -0.0827947   0.15202796
  0.03381768 -0.15385905  0.04914197 -0.2330282   0.10252962  0.33256602
 -0.08528621 -0.01983637 -0.02613072 -0.06994585 -0.23405133 -0.07302602
  0.2212867  -0.01265533 -0.11330511 -0.24517575  0.0257622   0.08518124
 -0.11959572 -0.07397461  0.02423461 -0.11370838  0.08995979  0.07812957
  0.10707255  0.1097032   0.04966787  0.06882873 -0.12791085 -0.1292942
  0.01690846  0.08443318  0.02464976  0.10281857  0.16947815  0.1508723
 -0.04287348 -0.30741188  0.24385726 -0.06166539  0.14725348  0.00172998
 -0.31340042 -0.07736012  0.14826094 -0.17699127  0.13175239  0.09176035
  0.07761275 -0.10040244 -0.04203466  0.01335955 -0.11651305 -0.12736969
  0.4054244  -0.03506155  0.13554017 -0.09071171 -0.1276878  -0.06644316
 -0.02886104  0.02911899  0.0780856  -0.18653306 -0.1072704  -0.1476437
 -0.12702352 -0.06738194 -0.13894261  0.16613875 -0.08154897  0.15110244
  0.10219251 -0.01415549 -0.02285745  0.06031191  0.05635546  0.03845879
  0.21774878  0.08385856  0.15064536  0.10161932 -0.0408915  -0.00989315
  0.05216485  0.13404879  0.18592604  0.15678644  0.11378051 -0.17373362
  0.12258589 -0.06443288  0.03608616  0.00675749  0.04843169  0.17818749
 -0.08390567  0.20646064  0.00612217  0.02441715 -0.07687623  0.08221645
 -0.156498   -0.00868    -0.03419407 -0.13538627 -0.06818821 -0.07504707
 -0.12572251 -0.04902812 -0.25619635 -0.08954826 -0.2031449  -0.06853452
  0.22812212  0.22080407]
[-0.07094692 -0.08515637 -0.08474424  0.16448595 -0.23282619 -0.21351333
  0.02485924  0.1818106  -0.10635547 -0.01309559 -0.09349616  0.06705081
 -0.03289356 -0.17186528  0.1227371  -0.20909013  0.01532532  0.24197008
 -0.06483398 -0.04741805  0.01130888 -0.00885292 -0.13401298  0.03334545
  0.239248    0.06821182 -0.09622893 -0.2102874  -0.00843514  0.08390199
 -0.03117178 -0.12740742 -0.00375099 -0.0482542   0.07808466  0.12206417
  0.00770711  0.13789779  0.03228164  0.08642737 -0.19380666 -0.1288176
 -0.02172905  0.13542826  0.10448956 -0.0063494   0.21136846  0.06387989
 -0.1520003  -0.26712474  0.23710473 -0.05312109  0.13157797  0.02627784
 -0.28340927 -0.06229014  0.13358936 -0.17579466  0.13854903  0.06356257
  0.04371738 -0.12578322 -0.01210197 -0.05446371 -0.15936413 -0.03600145
  0.31174308 -0.05365938  0.15423602 -0.02674802 -0.10687866 -0.01022443
  0.06648257 -0.05117122  0.05460105 -0.15299134 -0.07573746 -0.16177788
 -0.21986322 -0.13174492 -0.21164809  0.10816044 -0.02328073  0.04724862
  0.10581913  0.02992778 -0.02774862  0.11425383  0.05652401  0.04220243
  0.15925029 -0.0159533   0.04333678  0.1352309  -0.07788149  0.08916865
  0.07315973  0.1041696   0.11821456  0.13589156  0.11683313 -0.22219053
  0.1460516  -0.01939825  0.03399981 -0.02746432  0.07915297  0.10988802
 -0.07124842  0.21747401  0.06394469  0.03812971  0.02676367  0.10003164
 -0.1343691   0.03694134 -0.07050194 -0.04096392 -0.13257103  0.02668915
 -0.11610381 -0.09230269 -0.26987872 -0.12249672 -0.22738735 -0.16795693
  0.20968251  0.2366223 ]
[-0.09520974 -0.07165584 -0.0751309   0.15089256 -0.20126036 -0.18669088
  0.03788723  0.17990747 -0.06994992 -0.07293404 -0.0955219   0.1290787
  0.01623741 -0.1416814   0.08936811 -0.2051419   0.07827447  0.2842844
 -0.09606515 -0.03150713 -0.01448986 -0.05244795 -0.17210987 -0.0339209
  0.23878343  0.02554317 -0.10726275 -0.21942505  0.02076638  0.04959606
 -0.080707   -0.07750226  0.0262593  -0.09200732  0.08696298  0.10726864
  0.04887459  0.12973505  0.05133064  0.08416035 -0.1404028  -0.14521335
  0.00778384  0.11568766  0.04620016  0.03541848  0.19608407  0.0970796
 -0.08880657 -0.28258944  0.23837672 -0.05657919  0.15594083  0.01263426
 -0.32324907 -0.08715421  0.17299484 -0.18353984  0.13101274  0.05917313
  0.05752336 -0.14138831 -0.03507374 -0.01488552 -0.1248189  -0.0960701
  0.35861152 -0.05815113  0.1209619  -0.0680191  -0.13555807 -0.02544984
  0.01489187 -0.00509909  0.08581422 -0.18738627 -0.08123839 -0.15434432
 -0.1714794  -0.11220401 -0.20780462  0.15667892 -0.04684986  0.10109275
  0.11880729  0.00586023 -0.01503212  0.08548182  0.02955277  0.03405083
  0.16679817  0.04075592  0.12160713  0.11551829 -0.07947545  0.04268936
  0.0851458   0.10135242  0.16712129  0.14464113  0.14809406 -0.20836985
  0.13691255 -0.0470614   0.02549304 -0.03000493  0.06099859  0.131535
 -0.05717044  0.18073797  0.03507502  0.0175584  -0.02567881  0.10455831
 -0.13481054 -0.00518052 -0.04016799 -0.09155499 -0.10459553 -0.01491126
 -0.15758517 -0.07962621 -0.2684236  -0.09161378 -0.19631156 -0.12074691
  0.23191614  0.20967792]
