[ 0.26185554  0.6381468   0.54287755 -0.02925908  0.41428074 -0.26307544
 -0.06054731  0.05431175  0.70580953  0.534248   -0.01647232  0.23387441
 -0.45620582  0.4665501   0.08129264  0.05015416  0.40813985  0.20372626
 -0.6552904  -0.32469946 -0.49550077  0.36002696 -0.71249163 -0.45613256
  0.14935634  0.29857185  0.0050655   0.5528838   0.64212096 -0.5638855
  0.6935753   0.17531292  0.20878702 -0.6206074   0.18679608  0.34596038
  0.12383053 -0.63685846  0.03560118  0.66817623  0.34243602 -0.55575347
  0.70495945  0.7033384  -0.50672585  0.4611735  -0.14297721  0.14358865
 -0.08401434  0.43318498  0.7612424   0.45233065  0.6611746   0.68363696
 -0.6282568  -0.37799585  0.34004524  0.13806134 -0.6895035  -0.620678
  0.03149356  0.17805013 -0.50929517 -0.5038204  -0.5681201   0.09955136
 -0.7543264   0.11101621 -0.03689484 -0.05213545  0.2747813   0.03468826
  0.34907615  0.40452236  0.6439256   0.45866033  0.02713871 -0.01202704
 -0.4050861   0.15264936 -0.553107    0.6609673   0.5288578  -0.5828446
  0.43829167 -0.5868749   0.3390774  -0.63192856 -0.01809629  0.24196087
  0.35070404 -0.1247512   0.6462329   0.4204596  -0.44715035  0.26245102
  0.35334644 -0.25498766  0.36514404  0.61058694  0.48604864  0.4023895
  0.20614752 -0.3517071   0.45249584 -0.20815654  0.04934891 -0.28441247
 -0.28659335 -0.5247882   0.70704263 -0.5398515  -0.6341526   0.6684634
  0.08431993 -0.09517612  0.36400953 -0.17883874 -0.5702939   0.35204512
 -0.49660388  0.08122385  0.6882958   0.66848415 -0.21338168  0.4296259
  0.17270114 -0.03162084]
[ 4.7441691e-01  6.4503962e-01  7.3747516e-01 -4.0758047e-01
  5.9385228e-01 -5.6709635e-01 -5.5775665e-02  1.2199822e-01
  2.2401176e-01 -7.5251579e-02 -3.1444284e-01  4.4383678e-01
 -4.1635805e-01  5.2913200e-02  4.6298671e-01 -3.2810581e-01
  6.2411201e-01  5.2398044e-01 -2.4118569e-01 -5.0059378e-01
 -5.9861499e-01 -2.7684130e-02 -2.9181632e-01 -5.8047312e-01
  3.3220772e-02 -2.2774312e-01  4.2672601e-02 -1.8990390e-01
  5.4018462e-01 -7.3389858e-01  5.5582661e-02 -2.3273230e-01
  4.3714318e-01 -7.6525509e-01  2.6354814e-02  2.6968303e-01
  7.9996742e-02 -1.4996959e-01  3.1977302e-01  2.4009310e-01
  5.0356203e-01 -4.6861213e-01  8.4649950e-01  3.6854404e-01
 -2.7634311e-02  6.1153281e-01  2.1695055e-01  4.2341879e-01
 -7.1835252e-03 -2.2966401e-01  3.8714093e-01 -8.2529478e-02
  7.2908598e-01  9.2117652e-02 -5.9553885e-01 -4.4481009e-01
  3.1774849e-01  1.4228058e-01  8.9356385e-02 -4.0451550e-01
 -2.0015956e-01 -3.5597706e-01 -7.5367880e-01 -3.8642859e-01
  1.2929282e-01  7.5142935e-02  8.3175785e-04 -3.3855894e-01
 -4.2341980e-01  3.0454177e-01 -2.4875432e-01 -4.2748806e-01
  8.5329898e-02  6.3176042e-01  5.2157760e-01 -1.6116510e-01
  3.4922484e-01  3.3536029e-01  8.9284472e-02  4.7933039e-01
 -5.4490083e-01  8.1890672e-01  9.5470741e-02 -1.4014908e-03
  3.0576146e-01 -2.5904082e-02  3.0258599e-01 -1.8542601e-01
  1.0624399e-01  4.0261915e-01  4.1918120e-01 -4.2790210e-01
  6.5865445e-01  2.5348848e-01 -4.0733483e-01  1.4998685e-01
  6.4716852e-01  2.2351967e-01  5.2076149e-01  2.7905208e-01
  5.3407186e-01  9.4032660e-02  2.9178837e-01 -4.3287203e-02
 -1.4539895e-02 -3.3992431e-01 -4.1078210e-01 -5.0535500e-01
 -2.1433707e-01 -2.9362330e-01  3.3024613e-02 -3.6205250e-01
 -2.2466099e-01  8.0115654e-02 -1.1718241e-01 -1.8098332e-01
  1.9343345e-01 -2.2539973e-01 -5.9607483e-02  1.0712101e-02
 -3.2276058e-01 -7.7796444e-02  4.1011274e-02  5.3067374e-01
 -3.7346587e-01  2.0425577e-02  3.8044623e-01  4.2989084e-01]
[ 1.07409179e-01  1.58249810e-01  2.73652226e-01 -2.32116699e-01
  6.69377327e-01 -6.89200699e-01  1.15603700e-01 -8.43358487e-02
 -1.88164949e-01 -2.90036201e-01 -2.03128412e-01  5.86433649e-01
 -4.93133396e-01 -3.55289966e-01  3.32259655e-01 -4.93461907e-01
  7.68045366e-01  6.31072998e-01 -4.04352844e-02 -1.02200836e-01
 -4.02622193e-01 -2.09612906e-01  1.68872895e-04 -6.12752438e-01
  2.18233079e-01 -6.83934808e-01 -1.48792714e-01 -6.42443895e-01
  1.34978920e-01 -7.32605517e-01 -5.71420610e-01 -2.35286340e-01
  6.47731483e-01 -7.44194448e-01 -1.85077831e-01  1.23585001e-01
  2.77718127e-01  2.70431638e-01  4.86781389e-01 -2.54075471e-02
  3.26481193e-01 -4.08454925e-01  7.82045484e-01  2.28335500e-01
 -5.74630983e-02  5.60771227e-01  6.12897985e-02  5.29239058e-01
  2.26932019e-01 -6.84068322e-01  6.29834889e-04 -5.38209617e-01
  5.00825584e-01  1.10400310e-02 -5.80322623e-01 -3.54527801e-01
  4.54732001e-01 -3.22394073e-02  2.24267632e-01 -1.35638237e-01
 -2.28114814e-01 -3.79214257e-01 -6.73806906e-01  1.01723708e-01
  4.36836183e-01 -9.44546163e-02  6.50177836e-01 -1.71909273e-01
 -4.41771448e-01  7.57783130e-02 -3.50141346e-01 -4.48842764e-01
 -2.89878428e-01  5.62901735e-01  4.45872903e-01 -6.37309909e-01
  4.97642577e-01  1.57464847e-01  4.46586341e-01  3.96284819e-01
 -6.06882989e-01  8.34340334e-01 -3.58248293e-01  3.46654505e-01
 -7.54868761e-02  5.21318495e-01  2.99924403e-01  2.94567913e-01
  8.42401832e-02  2.96884805e-01  3.59195322e-01 -2.33845770e-01
  5.97203195e-01 -2.20077574e-01 -1.21997483e-01 -1.99468091e-01
  4.00606960e-01  5.64946234e-01  2.35343054e-01  1.73218384e-01
  3.14988434e-01 -2.57161498e-01  1.15734912e-01  1.47029802e-01
 -8.52332786e-02 -2.02315450e-01 -2.14516968e-01 -1.89054802e-01
  6.03700019e-02  4.53221612e-03 -4.41881597e-01 -1.74892411e-01
 -1.52219906e-01 -3.21602672e-01  8.27783495e-02 -1.92741126e-01
 -2.00357899e-01 -6.54811934e-02  4.93933856e-01  5.29145785e-02
 -2.35743344e-01 -1.52333751e-01 -2.81240076e-01  9.28689316e-02
 -4.35571790e-01 -3.48316431e-01  6.19156957e-01  6.28018975e-01]
[-0.7270639  -0.5732456  -0.78030396  0.7568816   0.47603923 -0.31955945
  0.2681688  -0.3653066   0.3670001   0.66012496  0.5108564   0.30416363
 -0.6297054  -0.02856914 -0.6392579  -0.07457463  0.42188203  0.24516064
 -0.6195297   0.7411537   0.04501111  0.39794236 -0.56893355 -0.5062171
  0.61672497 -0.21770534 -0.41651714  0.25280347 -0.19295937 -0.2713021
 -0.18751846  0.5838518   0.46431556 -0.42740536 -0.05398148  0.02670849
  0.72450954 -0.20291571  0.14283858  0.48499897 -0.1277802  -0.5117264
  0.35355133  0.5800937  -1.0678422   0.2762027  -0.9675211   0.20669027
  0.37792408 -0.03752464  0.19607086 -0.03987793  0.02365341  0.9666914
 -0.5717143  -0.0589783   0.56402034 -0.31605172 -1.2022468  -0.17710143
  0.254259    0.7034803   0.03127194  0.5535892  -0.5969127  -0.35963514
  0.00544985  1.0292897   0.42330438 -0.9820479   0.48642972  0.31865084
 -0.33263776  0.03479348  0.59418046 -0.04372047 -0.00488336 -0.6648104
 -0.09090831 -0.2760123  -0.57016534  0.4817078  -0.15030111 -0.24396235
 -0.2594373   0.04731112  0.39401323  0.02229329 -0.08390615 -0.21946043
  0.26980183  0.72127056  0.4020603  -0.5714972   0.16991916 -0.5327745
 -0.5447438   0.0299357  -0.31191596  0.8135588  -0.1506268   0.01089041
 -0.38141036 -0.15624744  0.8316968   0.3336954   0.8665748   0.7470138
  0.16425534 -0.06835668  0.281314   -0.33201167 -0.98397356  0.40173927
  0.6852668   0.00588421 -0.38125128  0.19559704  0.28065503  0.6691128
 -0.40139237  0.13196595  0.5556167  -0.2511796  -0.3197985   0.10857139
  0.6167577  -0.10534007]
[-0.30738124  0.15470158 -0.12828647  0.49573368 -0.36070842  0.19347392
  0.41083702 -0.4619078   0.47426003  0.20566781  0.21758427 -0.00578718
  0.11830506  0.02135646 -0.57558244  0.27043402  0.63580835  0.11148668
 -0.9686079   0.05251776  0.31068885 -0.07635877 -0.09008893 -0.24129558
  0.75307703  0.10716317 -0.27003974  0.7760682  -0.23227783 -0.15060201
  0.5425561   0.71056086  0.49735814  0.01330049 -0.06727574  0.09134968
  0.06942493 -0.11808501 -0.30200887  0.20511028 -0.34526655 -0.736261
 -0.16519192  0.26141232 -0.42325884  0.18214707 -0.22542329 -0.23439713
  0.25354153  0.2492498   0.84607816  0.36882314  0.53626686  0.5726692
 -0.35673818  0.09464161  0.35998005 -0.06876294 -1.2101089  -0.44607884
 -0.08500227  0.32795566  0.12007766  0.07104917 -0.554102   -0.09893352
 -0.18000834  0.11497301  0.0777768  -0.8221934   0.4476363   0.96135706
  0.08905866  0.30351317  0.35048327  0.6611635  -0.17664506 -0.74723494
 -0.13468315  0.08354129 -0.63727534  0.48046985  0.16302094 -0.4567679
  0.2962719  -0.4037917   0.3895213  -0.58224005 -0.6212188  -0.43664542
 -0.09488983  0.6467399  -0.02903107  0.04075636  0.14190345 -0.20668358
 -0.03237002 -0.48435798  0.01097818  0.4899376   0.14633025 -0.16514987
 -0.05611208 -0.03370779  0.07234092  0.28171703  0.6451366   0.42086795
  0.23179854 -0.31496567  0.44286796 -0.12699181 -0.863866    0.5918483
  0.02760908  0.13144863  0.18483052 -0.28827506 -0.18333317  0.5226674
 -0.11609797 -0.35088646  0.41831225  0.17285557 -0.1849611   0.06236064
  0.11827456 -0.57624704]
[-7.32902229e-01 -3.70344460e-01 -5.49238622e-01  5.26705503e-01
  2.17543587e-01 -2.14719415e-01  3.33438069e-01 -4.59154963e-01
 -1.03500627e-01 -5.60311787e-02  2.95596391e-01  4.98622179e-01
 -2.77201712e-01 -3.49172503e-01 -4.25271779e-01 -1.00488588e-01
  7.70989239e-01  3.09096068e-01 -4.24921453e-01  5.20860791e-01
  1.97089165e-01 -1.45541489e-01 -8.60661492e-02 -3.73186499e-01
  8.32237482e-01 -5.33939540e-01 -4.74144340e-01 -3.20948381e-03
 -4.36411142e-01 -3.76817137e-01 -4.73271310e-01  3.80353451e-01
  6.29747987e-01 -3.14358890e-01 -1.57977462e-01 -1.46572262e-01
  5.98510087e-01  3.71123880e-01  1.13237344e-01  7.02437609e-02
 -3.29583168e-01 -5.18756628e-01  2.58655518e-01  2.14289486e-01
 -6.92563832e-01  4.31410670e-01 -5.35876095e-01  3.02570462e-01
  5.36494255e-01 -3.79887849e-01  2.32832149e-01 -4.28134799e-01
  1.95154145e-01  4.97702003e-01 -5.04659951e-01 -1.24866121e-01
  5.92600763e-01 -3.73213559e-01 -7.24270821e-01 -4.80250791e-02
  6.65353611e-02  3.16062123e-01 -9.48442444e-02  7.45949984e-01
 -1.11232273e-01 -3.73597383e-01  7.22556412e-01  4.27052379e-01
 -7.89588243e-02 -8.69496882e-01  2.57464170e-01  3.20209622e-01
 -4.54888582e-01  1.71407759e-01  4.75709319e-01 -2.62386471e-01
  1.25948399e-01 -7.23647118e-01  3.32941681e-01  5.88643216e-02
 -5.82718253e-01  6.17341280e-01 -5.23535550e-01  1.75981507e-01
 -2.18892962e-01  4.48482513e-01  2.90741593e-01  1.36867285e-01
 -2.37411872e-01 -1.89655378e-01  8.99196118e-02  7.07612216e-01
  3.22686106e-01 -6.27689838e-01  4.14167941e-01 -6.61323726e-01
 -3.31911683e-01  2.55268484e-01 -1.97488874e-01  3.70517075e-01
  2.75382977e-02 -4.97069001e-01 -1.75248116e-01  6.01030537e-04
  2.98560917e-01  3.71496350e-01  7.37414896e-01  6.76790118e-01
  3.78282785e-01  1.15722224e-01 -2.59539515e-01  1.42699271e-03
 -7.04264700e-01 -3.11661465e-03  4.03166562e-01  2.11003628e-02
 -5.19839108e-01 -7.21468329e-02  5.14971137e-01  3.95521551e-01
 -1.92759648e-01 -1.80882245e-01  7.84136653e-02 -3.20630759e-01
 -2.80277729e-01 -2.99173295e-01  5.12903750e-01  9.40645710e-02]
