[-0.09380756 -0.08940966 -0.07983358  0.01396731  0.010924   -0.11612833
 -0.01559738  0.18921308  0.0382268  -0.06803314  0.00262414  0.11647929
  0.06562977  0.01682929  0.06592504 -0.11381961  0.02923526  0.3085152
 -0.0628532   0.02869504 -0.102189    0.05957144 -0.13287136 -0.21792626
  0.02790316 -0.08145742 -0.06988947 -0.16090842  0.01322591  0.03916733
 -0.16827378  0.0935765   0.16271146 -0.09715313  0.1449129   0.02755708
  0.04126429 -0.02801018  0.13431524  0.16685282  0.12577215 -0.21566148
  0.05278342 -0.11726201 -0.12299398  0.07160522  0.01050123  0.06928144
  0.13846102 -0.21965434  0.0983132  -0.04594824  0.2289899  -0.13142323
 -0.2708605  -0.17943217  0.11953221 -0.20095706  0.05418771 -0.02897163
  0.09556188 -0.13762556  0.07472411  0.13116723 -0.06162067 -0.18928371
  0.3374741  -0.03948365  0.04747063 -0.05602865 -0.13983648 -0.1583743
 -0.111194   -0.06965882  0.01181724 -0.21671829 -0.05349729  0.12823957
 -0.12807743 -0.07332259 -0.1582215   0.18286005 -0.14839423  0.14157592
  0.0058088  -0.01731125  0.07163569 -0.02616999  0.0908289   0.0771077
  0.14666116  0.1508344   0.08763965 -0.08194809 -0.07061827 -0.10934953
  0.0248013  -0.00057754  0.24191785  0.11842246  0.18804078  0.04605938
 -0.0210958  -0.03259595  0.10653199  0.00526139 -0.10415789  0.16111693
 -0.10421541 -0.0570829   0.0004679  -0.0940382  -0.03535299  0.08912242
 -0.17944579 -0.08141764 -0.07752502 -0.19576888 -0.0437433  -0.10911354
 -0.17010586  0.09706953 -0.2326744  -0.15082079 -0.09792906 -0.04111639
  0.2563839   0.01654536]
[-0.08832254 -0.16767229 -0.03391229  0.0393263   0.17590973 -0.3405641
  0.05378868  0.18731898  0.09928796 -0.09931831 -0.11279269  0.2071127
 -0.08491044 -0.04382464  0.01297818 -0.2679314   0.17173949  0.4368162
 -0.2717989   0.02669612 -0.14333114 -0.00531402 -0.21274754 -0.38942578
  0.15681143 -0.11516473 -0.09085175 -0.22858934  0.12524194 -0.15306795
 -0.23554184  0.14441884  0.17699708 -0.25916204  0.03068988  0.1775842
  0.17465417  0.06517874  0.15819287  0.21120772  0.21985427 -0.27822134
  0.1849684   0.10114455 -0.15341757  0.11262885  0.02003293  0.18173695
 -0.06503682 -0.36319068  0.11126015 -0.05055228  0.22057988  0.00090874
 -0.4353331  -0.13437785  0.2776115  -0.1271429  -0.0730522  -0.05061693
  0.01626118 -0.16902226 -0.08530582  0.05264145 -0.05152962 -0.29511178
  0.19443882  0.06853424  0.06660325 -0.1929134  -0.19826679 -0.16254398
 -0.05998051  0.09695887  0.22475162 -0.28880993 -0.00420066  0.0471992
 -0.04827204 -0.08610078 -0.29254973  0.3888025  -0.07060041  0.11369355
  0.14575301  0.06298673  0.18227874  0.05620657 -0.07833664 -0.02524241
  0.12636472  0.1197957   0.3110824  -0.05056803 -0.26721027 -0.10499083
  0.09675644 -0.00068693  0.2683642   0.2314868   0.20201643 -0.06555715
  0.04456293  0.02494794  0.09644701 -0.02458574 -0.04183042  0.07119548
 -0.03579742 -0.05910013  0.05313047 -0.21577692 -0.2606032   0.1434804
  0.03432091 -0.16095355 -0.03149888 -0.05852306  0.09818438  0.09024969
 -0.43705946 -0.04274558 -0.16951874  0.02678488 -0.2630932  -0.0020476
  0.47841722  0.05743469]
[-0.10846646 -0.09269387 -0.08185294  0.02516529  0.01004934 -0.14241007
 -0.02779455  0.21867952  0.03590836 -0.07895643 -0.00737039  0.16045325
  0.07755508  0.01011015  0.07494738 -0.13886955  0.03430985  0.31869695
 -0.05585288  0.01558199 -0.10365085  0.05382498 -0.15292647 -0.21309653
  0.03670764 -0.0881357  -0.0778537  -0.15447804  0.0149581   0.049573
 -0.17025368  0.08189758  0.15682752 -0.0995603   0.16288258  0.01284416
  0.06556786 -0.0229863   0.12898944  0.15839621  0.11892255 -0.2032699
  0.05597067 -0.11164072 -0.12860109  0.09211408  0.00704164  0.08868061
  0.15895618 -0.22304596  0.1185517  -0.04671884  0.2296082  -0.13695988
 -0.26568773 -0.18509287  0.11301223 -0.21771199  0.06615234 -0.01704826
  0.11444505 -0.12219118  0.06909339  0.14833266 -0.07048392 -0.183416
  0.36723724 -0.03754616  0.04616945 -0.04640915 -0.13901855 -0.16812538
 -0.12229475 -0.06646055  0.01394353 -0.22181977 -0.06381284  0.12014028
 -0.13438484 -0.06580201 -0.13333891  0.17017518 -0.16265625  0.16240576
  0.0138667  -0.03756502  0.0613451  -0.03988414  0.11931431  0.09064408
  0.17115353  0.16067916  0.08922471 -0.07930722 -0.04171435 -0.1109928
  0.01433097  0.02124449  0.24366228  0.11894875  0.18408231  0.04865145
 -0.02052978 -0.04424228  0.10808768  0.00876389 -0.09724872  0.17522557
 -0.11293469 -0.03803414 -0.00919764 -0.08443487 -0.03551483  0.09097026
 -0.18971175 -0.06919402 -0.08577305 -0.2096846  -0.05582576 -0.13384764
 -0.14027593  0.10658268 -0.22378391 -0.15335758 -0.09706851 -0.02226461
  0.23103827  0.03714278]
[-1.59333438e-01 -6.57339692e-02 -1.10959433e-01  3.33310105e-02
 -4.39424999e-02 -4.03418653e-02 -3.43742371e-02  1.28754422e-01
 -7.39486441e-02 -6.23288788e-02  2.93494165e-02  1.65987611e-01
  1.25395089e-01 -2.46106777e-02  2.58844253e-02 -2.76820511e-02
 -4.51269979e-03  2.60128707e-01  8.87769461e-03  3.54792625e-02
 -4.12570462e-02  2.05934532e-02 -9.61936042e-02 -1.30861118e-01
  3.85638550e-02 -1.24630019e-01 -1.37081340e-01 -9.45914239e-02
 -7.18698576e-02  1.37254879e-01 -1.65237606e-01  1.02364324e-01
  1.48326799e-01  3.82382260e-03  1.87037423e-01 -4.62271422e-02
  8.29440579e-02  2.18047313e-02  7.68781155e-02  1.38250932e-01
  3.87413204e-02 -1.70338571e-01  1.94366463e-02 -1.53530672e-01
 -1.16500288e-01  6.44729957e-02 -4.09341604e-02  5.09446524e-02
  2.82016844e-01 -1.77704215e-01  1.65395066e-01 -2.50462368e-02
  2.24946305e-01 -1.28951952e-01 -2.05153435e-01 -1.84662282e-01
  1.01070046e-01 -2.75877476e-01  6.82141930e-02  1.58150215e-05
  1.56757355e-01 -8.14396068e-02  6.22795783e-02  2.70156741e-01
 -9.00103599e-02 -1.35424957e-01  4.80563194e-01 -3.19336653e-02
  4.35184650e-02 -3.71733047e-02 -6.24106005e-02 -1.49225727e-01
 -1.32234722e-01 -1.12380482e-01 -8.09629560e-02 -1.91105261e-01
 -1.28882200e-01  8.77129585e-02 -1.76299199e-01 -1.07163385e-01
 -6.91188052e-02  9.75980535e-02 -2.21151531e-01  1.59362197e-01
 -3.35212611e-02 -5.97313307e-02  1.74001046e-02 -1.15554251e-01
  1.74623147e-01  1.03776328e-01  1.46197006e-01  2.29204729e-01
  5.33227958e-02 -1.17258452e-01  1.27812684e-01 -1.29158273e-01
 -8.33278000e-02  4.89956737e-02  1.65620327e-01  4.45700064e-02
  2.25296497e-01  7.15751499e-02 -5.62005751e-02 -6.02085739e-02
  1.07490346e-01  5.79357967e-02 -2.59933528e-02  2.40822971e-01
 -8.11721385e-02  9.60212387e-03 -3.39336805e-02 -5.36991023e-02
  1.54423183e-02  4.74159308e-02 -2.40912050e-01 -4.05906625e-02
 -1.58001706e-01 -2.46541366e-01 -1.39321342e-01 -1.67786628e-01
 -6.23689815e-02  1.70778856e-01 -2.26903394e-01 -2.15156034e-01
 -2.81620715e-02 -1.13690179e-02  9.58142430e-02  6.57324567e-02]
[ 3.24022137e-02 -1.52973086e-01  4.30739112e-02 -2.18456890e-02
  2.27269888e-01 -4.74798232e-01  2.53321715e-02  4.06796157e-01
  2.83967406e-01 -1.18286543e-01 -1.39609635e-01  1.44415483e-01
 -1.52305827e-01  4.21931930e-02  1.64544851e-01 -4.44091469e-01
  2.06837147e-01  6.50662005e-01 -3.38014722e-01 -2.27930043e-02
 -3.08970779e-01  1.16340980e-01 -3.41191173e-01 -5.74722826e-01
  1.09794796e-01 -6.93665221e-02 -8.11685808e-03 -3.94647390e-01
  2.64498711e-01 -2.38721982e-01 -2.67130584e-01  9.22950655e-02
  2.78623939e-01 -4.39537287e-01  8.56373608e-02  2.71355063e-01
  8.09918568e-02 -5.78249581e-02  3.07305962e-01  3.27483922e-01
  3.72598827e-01 -4.39740419e-01  2.47747228e-01  3.71500179e-02
 -1.77163020e-01  1.98731646e-01  1.30548447e-01  2.54631937e-01
 -1.67174533e-01 -4.95558262e-01  1.19729646e-01 -1.02240242e-01
  3.89309496e-01 -1.14450149e-01 -6.30732417e-01 -2.66578048e-01
  2.86635280e-01 -1.48468301e-01  1.01269092e-02 -1.17016934e-01
 -2.19480600e-04 -3.26854110e-01 -2.40733698e-02 -1.17819212e-01
 -5.61100096e-02 -3.93203527e-01  2.13982582e-01 -3.95269729e-02
  7.29649141e-02 -1.45019397e-01 -3.63942087e-01 -2.78513163e-01
 -7.88831040e-02  8.91687050e-02  3.21283638e-01 -3.98303300e-01
  6.94624558e-02  2.15771601e-01 -1.00816131e-01 -2.16815695e-02
 -4.45595533e-01  5.65069377e-01 -4.82445993e-02  1.72707543e-01
  1.74493790e-01  7.85058215e-02  2.54625171e-01  1.25099495e-01
 -4.89233322e-02  5.73275089e-02  2.63341457e-01  4.78770919e-02
  3.34909618e-01 -3.84419598e-03 -5.26684403e-01 -9.56468135e-02
  2.76003152e-01 -2.99502611e-02  5.23122966e-01  3.76763493e-01
  2.54107803e-01 -3.46777849e-02  8.72779265e-02  6.45776186e-03
  1.54654890e-01 -1.07555069e-01 -2.54704297e-01  3.30737978e-02
 -2.03116044e-01 -1.69681638e-01  9.49293002e-02 -2.68048555e-01
 -2.63911843e-01  2.32253045e-01 -9.54529792e-02 -2.23762661e-01
  2.70956680e-02 -1.45194381e-01  1.09806359e-01  2.30188500e-02
 -5.54111183e-01 -4.48255055e-02 -3.24368805e-01  5.55142434e-03
 -3.86298478e-01 -7.60603994e-02  7.48817444e-01  4.35103625e-02]
[-0.33059248 -0.01920088 -0.21892284  0.08091307 -0.23378213  0.14668907
 -0.11445075  0.10358364 -0.2527679  -0.07751874  0.1181838   0.31471455
  0.36192957 -0.02531601  0.03489301  0.14202927 -0.07595313  0.17611703
  0.2246191   0.04216897  0.02918135 -0.00901491 -0.07144862  0.0511313
  0.02790646 -0.1882955  -0.24124771  0.01777238 -0.2357668   0.3570063
 -0.1547776   0.10111275  0.12317318  0.17987277  0.3673304  -0.2607355
  0.10700735  0.02708878  0.01196363  0.09239332 -0.11137746 -0.08357134
 -0.0614615  -0.29190955 -0.16865079  0.07336253 -0.10027939 -0.01157663
  0.6498574  -0.07838759  0.28223428 -0.03373317  0.27159607 -0.21947843
 -0.10684861 -0.28150326  0.06258576 -0.4588759   0.18964685  0.06864855
  0.32506412  0.01860251  0.14066288  0.551966   -0.14202468 -0.06013615
  0.84662205 -0.09976778  0.00687177  0.05049279  0.03372165 -0.1731749
 -0.23496836 -0.26138967 -0.2764066  -0.19704449 -0.24914223  0.06751371
 -0.2778526  -0.16276287  0.08367103 -0.1027622  -0.40257463  0.2630375
 -0.1258537  -0.19488886 -0.11559425 -0.28128394  0.3921701   0.23316865
  0.19784382  0.37572387 -0.04676282 -0.17511128  0.48155642 -0.18462497
 -0.25286752  0.13053143  0.11893807 -0.08293768  0.3029536   0.14827089
 -0.09797427 -0.17407562  0.13885878  0.12678061  0.03710452  0.45474848
 -0.09298832  0.09530216 -0.12314727  0.04760804  0.1867311   0.0019346
 -0.43319646  0.04984756 -0.2856866  -0.4732617  -0.31888494 -0.39528462
  0.18026915  0.36003426 -0.26841265 -0.40885553  0.15489885  0.02073898
 -0.18895932  0.13066295]
[ 0.06246223 -0.1043416   0.04405633 -0.02890968  0.15688121 -0.34162226
  0.0136538   0.28067797  0.21705665 -0.07522143 -0.10608861  0.05492247
 -0.13046192  0.02472395  0.12884288 -0.32126346  0.13911816  0.4172972
 -0.22930105 -0.03209195 -0.21078573  0.08788756 -0.2148248  -0.37524158
  0.06144882 -0.01869581  0.03103652 -0.27913433  0.19799769 -0.18553156
 -0.15028873  0.03324102  0.17057839 -0.31239852  0.01827909  0.20850301
  0.02253493 -0.04962163  0.20737576  0.21211132  0.25988272 -0.28839487
  0.1674276   0.04601409 -0.08784841  0.1258652   0.1245038   0.16528285
 -0.20062035 -0.33201346  0.04504987 -0.08211756  0.24108447 -0.07351751
 -0.41088402 -0.15095977  0.17691056 -0.0362001   0.01024746 -0.08280308
 -0.04639595 -0.22479571 -0.01410163 -0.16140577 -0.01826131 -0.2537041
  0.04674834 -0.03974059  0.04725001 -0.08486492 -0.25735468 -0.17917512
 -0.01880076  0.07928681  0.23775731 -0.24600302  0.08600025  0.15165351
 -0.0320015   0.01137624 -0.31428266  0.38731077  0.01174202  0.08958942
  0.12851094  0.08010612  0.1823314   0.12549925 -0.07694446  0.02571627
  0.15766037 -0.03447729  0.21504168  0.02973309 -0.4280294  -0.03628464
  0.2230923  -0.03695825  0.34872988  0.25846994  0.12495783 -0.04323435
  0.08736487  0.027062    0.08651067 -0.09037982 -0.19703649 -0.0328176
 -0.1406785  -0.12118682  0.07735654 -0.17731775 -0.17641585  0.1522574
 -0.03038662 -0.15121455  0.05490574 -0.05821194  0.12031651  0.05108713
 -0.38533542 -0.07253284 -0.20209965  0.04006591 -0.28489605 -0.07297582
  0.53357965  0.01818377]
[-0.2029892  -0.0818534  -0.12917027  0.06838039 -0.05537321 -0.0306469
 -0.00259537  0.06900258 -0.11257996 -0.07597661  0.01417756  0.21995185
  0.14716406 -0.05865765 -0.02462923 -0.00090278  0.0265007   0.23881058
 -0.0183084   0.04840174  0.00312286 -0.04000917 -0.08421227 -0.10935856
  0.09571419 -0.15233295 -0.17751163 -0.05684615 -0.09863053  0.14090079
 -0.17876194  0.14141583  0.13587372  0.03140032  0.1772574  -0.05990298
  0.13788323  0.07625604  0.03949857  0.11095988  0.00349715 -0.14785999
  0.01724422 -0.10641339 -0.13017899  0.04705938 -0.06453001  0.04542968
  0.32244176 -0.17530596  0.19467442 -0.01062875  0.2036349  -0.09059762
 -0.20112436 -0.155708    0.14247522 -0.28974995  0.03653713  0.01855343
  0.16765998 -0.04985954  0.03255236  0.33888584 -0.09692252 -0.1436038
  0.5196848   0.00399276  0.0469634  -0.08330479 -0.04005248 -0.11263377
 -0.13837488 -0.08660044 -0.07934259 -0.194592   -0.15854445  0.01567124
 -0.1645961  -0.14214246 -0.06479321  0.08861586 -0.23614272  0.1657524
 -0.00592514 -0.07720309  0.01507166 -0.13739742  0.14800356  0.06810881
  0.12196144  0.27856922  0.09278365 -0.12764671  0.18930277 -0.14191277
 -0.12211431  0.05848381  0.1232124   0.0319261   0.24436128  0.0416742
 -0.05731805 -0.05954613  0.08820976  0.0750196   0.04631515  0.27316314
 -0.02258551  0.04297064 -0.04300575 -0.06058788 -0.02000795  0.04699313
 -0.20300485 -0.03641661 -0.17084776 -0.24318054 -0.14133017 -0.14223696
 -0.07263297  0.15615372 -0.2040512  -0.20289889 -0.0145188   0.01961417
  0.0611974   0.07992681]
[ 0.03405693 -0.18829724  0.03753375 -0.02855221  0.25929388 -0.54857814
  0.03148744  0.473043    0.3123725  -0.15563928 -0.16357169  0.17428316
 -0.16021399  0.03341737  0.19562677 -0.513715    0.22889447  0.72772986
 -0.37826777 -0.02861511 -0.33960623  0.1229207  -0.36555338 -0.64267343
  0.11441963 -0.07973655  0.00261063 -0.45996898  0.29809237 -0.26869765
 -0.3133349   0.09882735  0.31758726 -0.49292785  0.0831596   0.30870873
  0.08833    -0.05632184  0.34930858  0.356934    0.4293911  -0.49312487
  0.27632472  0.03335711 -0.1849036   0.21459866  0.15699969  0.28532466
 -0.20448369 -0.5723388   0.10762515 -0.12399381  0.42540383 -0.14311297
 -0.7004928  -0.28152367  0.3144833  -0.15366334  0.02505601 -0.12709373
 -0.01435044 -0.38212717 -0.02252001 -0.14043981 -0.04553841 -0.44920456
  0.23173341 -0.04466407  0.08232453 -0.16368364 -0.42882407 -0.3203884
 -0.09018806  0.10916331  0.35560304 -0.4556529   0.08675187  0.250592
 -0.09383303 -0.01738159 -0.5057535   0.6405487  -0.05383984  0.20078036
  0.19807559  0.10555383  0.29287836  0.16340852 -0.06974231  0.05240417
  0.2891391   0.04134475  0.37559354 -0.01092963 -0.6130975  -0.106585
  0.32524544 -0.03677978  0.590478    0.4198211   0.2756766  -0.04877789
  0.09704575  0.02849787  0.15902132 -0.12611075 -0.3039629   0.01741851
 -0.22064194 -0.19005285  0.09518341 -0.30179316 -0.29204378  0.25103492
 -0.10249981 -0.2596024   0.03689248 -0.14803617  0.14764994  0.0284414
 -0.6275884  -0.06844954 -0.37799743  0.00883682 -0.4455435  -0.09659254
  0.86042833  0.0448368 ]
[-0.27746546  0.04321381 -0.1959633   0.07855862 -0.2751057   0.24765295
 -0.09948137 -0.00357979 -0.29072732 -0.02265806  0.1444596   0.22967154
  0.34907103 -0.03097384  0.01683477  0.23188695 -0.12645899  0.00396692
  0.28688097  0.0305867   0.09123214 -0.02079338  0.02057523  0.18952888
 -0.01515384 -0.13649951 -0.20481466  0.09611461 -0.26556975  0.3816099
 -0.05972489  0.05078458  0.05246927  0.26219276  0.31416413 -0.29070252
  0.05061499  0.01224123 -0.0511099   0.00075605 -0.19253117  0.0237007
 -0.11516613 -0.26517856 -0.08826017  0.00965834 -0.10455311 -0.08755916
  0.614127    0.053877    0.21805699  0.00616694  0.15565006 -0.16427009
  0.05640739 -0.18111508 -0.02674168 -0.36818254  0.18204552  0.08039027
  0.28459358  0.07605111  0.13008244  0.48796484 -0.12053145  0.06184871
  0.70313036 -0.08792374 -0.00413279  0.1015449   0.10389379 -0.08629987
 -0.18882999 -0.2503942  -0.33493978 -0.075136   -0.23478487  0.01809295
 -0.24260475 -0.13623044  0.16751237 -0.23698418 -0.3341997   0.17436561
 -0.16547187 -0.20716098 -0.17026465 -0.27702302  0.3821774   0.20910265
  0.13352148  0.30063543 -0.14245439 -0.14340903  0.55290776 -0.11897083
 -0.26447403  0.1281217  -0.01607363 -0.1584506   0.21107668  0.1485574
 -0.1132096  -0.15293226  0.08010913  0.11923346  0.07606784  0.38246512
 -0.0429737   0.12481421 -0.12993315  0.11464255  0.255471   -0.05129737
 -0.3860755   0.10378706 -0.24501872 -0.38220194 -0.3336408  -0.36714056
  0.31970623  0.32598752 -0.17000405 -0.37223867  0.22706635  0.0197981
 -0.3538842   0.11110907]
[-2.37095401e-01  2.13771872e-02 -1.63116127e-01  6.35335594e-02
 -2.12288752e-01  1.83911949e-01 -8.29302669e-02  7.17480341e-03
 -2.21185595e-01 -2.85931993e-02  1.13522910e-01  1.99065387e-01
  2.78003931e-01 -3.15027721e-02 -7.39830686e-03  1.65840983e-01
 -7.26933107e-02  3.45083028e-02  2.07996294e-01  3.56011018e-02
  6.07646517e-02 -2.71175914e-02 -6.17410196e-03  1.16154201e-01
 -1.42147602e-03 -1.27947658e-01 -1.70881242e-01  6.18683062e-02
 -2.01760292e-01  2.91419476e-01 -6.01398870e-02  5.46711348e-02
  4.65753525e-02  1.83993638e-01  2.35009179e-01 -2.13907242e-01
  5.42283803e-02  1.20603601e-02 -3.48658040e-02  1.00567807e-02
 -1.38801008e-01  8.94478336e-03 -7.90709853e-02 -2.02542633e-01
 -8.14816207e-02  2.60640644e-02 -8.17749873e-02 -4.82321940e-02
  4.87937152e-01  1.95281673e-02  1.92892283e-01  1.92480197e-03
  1.41967893e-01 -1.26616791e-01  1.58277750e-02 -1.54859081e-01
 -3.02265887e-03 -2.88799822e-01  1.33325607e-01  6.73244298e-02
  2.23619595e-01  6.47094920e-02  9.31585506e-02  3.88786227e-01
 -9.11594182e-02  2.63397023e-02  5.65077782e-01 -6.75803125e-02
 -1.79692579e-04  6.37918040e-02  8.62328261e-02 -7.04530329e-02
 -1.51680514e-01 -1.85106561e-01 -2.49584064e-01 -6.93769455e-02
 -1.88405901e-01  1.42084612e-02 -1.79349914e-01 -1.09127544e-01
  1.29085749e-01 -1.53111354e-01 -2.62249410e-01  1.47160724e-01
 -1.25522256e-01 -1.58190280e-01 -1.21170707e-01 -2.22915426e-01
  2.82350689e-01  1.59287319e-01  1.08652912e-01  2.47091055e-01
 -8.29495415e-02 -1.05156362e-01  4.22428548e-01 -1.08188815e-01
 -2.17651993e-01  1.04653224e-01 -5.87394787e-03 -1.13476567e-01
  1.63810149e-01  1.19053945e-01 -8.01009312e-02 -1.30004853e-01
  6.36896193e-02  9.96739045e-02  6.39181063e-02  3.14968854e-01
 -4.06737179e-02  9.78385806e-02 -9.61135626e-02  7.89210200e-02
  1.68694139e-01 -4.39390354e-02 -2.98481256e-01  6.97184727e-02
 -1.89738929e-01 -3.12923908e-01 -2.47455388e-01 -2.80855715e-01
  2.24414006e-01  2.60419160e-01 -1.33897215e-01 -2.81131327e-01
  1.70361802e-01  3.01432479e-02 -2.57565707e-01  9.26843733e-02]
[-0.12786765 -0.20939998 -0.06915211  0.0436193   0.17260055 -0.3974472
  0.04518511  0.22309701  0.08860114 -0.13834417 -0.1452863   0.29219782
 -0.03744777 -0.07721387  0.0206076  -0.29089057  0.20081693  0.56178063
 -0.2893179   0.01872352 -0.15815814 -0.02731307 -0.26509422 -0.44724932
  0.19609243 -0.1773073  -0.14680053 -0.27548817  0.11491163 -0.11263697
 -0.30659953  0.19938639  0.22160156 -0.26183033  0.09112734  0.16393675
  0.2271999   0.09454734  0.17074148  0.26726675  0.24748318 -0.3416548
  0.21721588  0.08174556 -0.19915001  0.12652442  0.03035372  0.1990242
  0.02868027 -0.44821596  0.18680684 -0.07617561  0.3209947  -0.05328769
 -0.5362216  -0.19515914  0.35599366 -0.20523593 -0.03088156 -0.04695109
  0.05703364 -0.19239537 -0.07428668  0.15876509 -0.07632616 -0.36337948
  0.3655884   0.04688054  0.08501633 -0.21278435 -0.24085887 -0.2347584
 -0.08919526  0.08548541  0.20644832 -0.37531397 -0.04481671  0.06912335
 -0.09014083 -0.13999917 -0.3369465   0.43057275 -0.15363032  0.18915825
  0.17447357  0.0214331   0.19994111  0.00492868 -0.04392282  0.00623409
  0.16825363  0.1913988   0.3770486  -0.07134704 -0.23671451 -0.14402224
  0.06364422  0.00821206  0.3346583   0.24512216  0.30171406 -0.04688857
  0.06019772  0.00679788  0.12798359 -0.00946188 -0.05155334  0.15800895
 -0.04956297 -0.04325382  0.04791623 -0.26068404 -0.26372218  0.16732526
 -0.02681974 -0.18278922 -0.06396136 -0.15696852  0.07648691  0.0514901
 -0.49685103  0.00441344 -0.24531741 -0.01726094 -0.28290322  0.01136428
  0.5271178   0.0938692 ]
[-0.08929744 -0.13056737 -0.02624762  0.04387274  0.10572132 -0.2667485
  0.04191257  0.1891912   0.06946713 -0.09973784 -0.09462595  0.19813849
 -0.03133977 -0.03234573  0.02307232 -0.22492643  0.13608018  0.39591053
 -0.21922709  0.0165638  -0.12489194 -0.01120364 -0.19951233 -0.32292476
  0.13380174 -0.09846263 -0.09265036 -0.2040906   0.10618364 -0.09352417
 -0.20981582  0.11969022  0.15354532 -0.20654197  0.06953043  0.13748398
  0.14545973  0.05383792  0.13933116  0.17849058  0.17393559 -0.23592041
  0.13594355  0.05750694 -0.13090517  0.09510324  0.03313861  0.1557301
 -0.00409075 -0.32483864  0.13407424 -0.03317768  0.21856529 -0.03365818
 -0.39230138 -0.14541312  0.23433399 -0.16466923 -0.01677772 -0.03180669
  0.05399919 -0.16732885 -0.05556378  0.07523644 -0.06031448 -0.25882474
  0.26290756  0.03414953  0.06322019 -0.14670904 -0.18918    -0.14808682
 -0.07516903  0.05602614  0.16622011 -0.27489397 -0.03874167  0.0478893
 -0.08850729 -0.09527216 -0.2366753   0.3217224  -0.08218792  0.13242182
  0.12520972  0.01651158  0.13640484  0.02541657 -0.02489766  0.00314662
  0.14175037  0.13353328  0.2606665  -0.03676014 -0.19720574 -0.08692851
  0.08185891  0.01541775  0.2632149   0.19785453  0.20698509 -0.04607328
  0.03230208 -0.00754344  0.08167334 -0.02964326 -0.04837495  0.0980186
 -0.05436726 -0.03907361  0.03684984 -0.17043701 -0.19039534  0.13426726
 -0.04659047 -0.1386843  -0.04088037 -0.10662252  0.01919343  0.01059602
 -0.3494214  -0.00233719 -0.19714855 -0.02056237 -0.20408982  0.00565907
  0.38774776  0.0675892 ]
[-2.81083256e-01  2.92457025e-02 -1.88712820e-01  5.71050122e-02
 -2.69897699e-01  2.23541602e-01 -1.26156479e-01  3.99958305e-02
 -2.65691429e-01 -2.47111470e-02  1.41470626e-01  2.17324629e-01
  3.60332489e-01  6.03789871e-04  2.00836547e-02  1.92637205e-01
 -1.17854618e-01  6.04120418e-02  2.88707852e-01  3.16721685e-02
  4.66189310e-02 -5.04881435e-04  1.23176817e-03  1.21537574e-01
 -2.77619082e-02 -1.57765344e-01 -2.02188089e-01  7.54005164e-02
 -2.64774054e-01  3.65368873e-01 -7.14075267e-02  5.86200841e-02
  6.97605759e-02  2.22354487e-01  3.35284710e-01 -2.75752902e-01
  3.62384915e-02 -4.79666423e-03 -1.35001848e-02  3.05835437e-02
 -1.41418368e-01 -7.37671275e-03 -1.13266930e-01 -3.00375074e-01
 -1.02411166e-01  4.74468321e-02 -9.93449464e-02 -5.86311966e-02
  6.21722877e-01  6.15694746e-03  2.39895925e-01 -6.77184202e-03
  2.13136896e-01 -2.12634861e-01  8.05999711e-03 -2.43063137e-01
 -1.08376974e-02 -3.89547944e-01  1.79265410e-01  7.78257474e-02
  2.91736633e-01  5.67822270e-02  1.49419338e-01  4.87974823e-01
 -1.12038381e-01  2.52260417e-02  7.36504912e-01 -1.23176463e-01
 -1.29061686e-02  1.11085989e-01  8.48353952e-02 -1.19650282e-01
 -2.05050245e-01 -2.67242670e-01 -3.11411589e-01 -1.19019642e-01
 -2.21758276e-01  8.13092738e-02 -2.52042353e-01 -1.29459426e-01
  1.54447407e-01 -1.93714038e-01 -3.47667485e-01  2.02692032e-01
 -1.59034386e-01 -1.93911403e-01 -1.46826312e-01 -2.77331173e-01
  3.87064606e-01  2.25390449e-01  1.51620999e-01  3.04326296e-01
 -1.46147311e-01 -1.35429472e-01  5.05069017e-01 -1.49931520e-01
 -2.57453889e-01  1.21655822e-01  4.54795249e-02 -1.32090926e-01
  2.14184120e-01  1.68617249e-01 -1.01561382e-01 -1.60363480e-01
  9.16976184e-02  1.22839913e-01  3.59146073e-02  4.09361511e-01
 -8.83929729e-02  8.96668285e-02 -1.18817009e-01  8.98256823e-02
  2.26517543e-01 -3.87986451e-02 -4.00172353e-01  9.58882943e-02
 -2.48868749e-01 -4.26258743e-01 -3.00042152e-01 -3.77174944e-01
  2.74105847e-01  3.50698084e-01 -2.02439383e-01 -3.78367811e-01
  1.97525918e-01  2.25168187e-02 -2.85424471e-01  9.93432105e-02]
[-0.3452154  -0.04588787 -0.23165387  0.09714517 -0.23913176  0.15086491
 -0.10597631  0.09042141 -0.26282844 -0.07293157  0.13064     0.31050667
  0.3644379  -0.0483961   0.00985963  0.16140291 -0.09120364  0.15769894
  0.20982504  0.04639465  0.06545261 -0.00758572 -0.03531146  0.0723756
  0.01688624 -0.18583103 -0.24674207  0.03491454 -0.24387036  0.37167534
 -0.14120731  0.12400503  0.1322092   0.21711498  0.34209627 -0.25996727
  0.11340268  0.03634015 -0.00805896  0.07727136 -0.11617491 -0.06982274
 -0.09428267 -0.2897962  -0.16600136  0.03701197 -0.10861479 -0.03708527
  0.631409   -0.069539    0.26070216 -0.02315255  0.24267597 -0.21426943
 -0.07010991 -0.23922527  0.04399259 -0.44872934  0.17201345  0.06277566
  0.31562477  0.02883509  0.15837362  0.5453442  -0.1501663  -0.05435389
  0.8268556  -0.07841726  0.01513223  0.0406877   0.02731391 -0.1469146
 -0.239364   -0.2686212  -0.28658852 -0.18950813 -0.25641572  0.05952266
 -0.2856763  -0.18603544  0.09985209 -0.12111499 -0.40193945  0.2541039
 -0.14164042 -0.21151003 -0.10466736 -0.29135543  0.37709785  0.22062762
  0.18184876  0.3902181  -0.06559958 -0.197183    0.49096677 -0.1722173
 -0.27215552  0.12633014  0.0911828  -0.09035209  0.27941936  0.15149371
 -0.12657346 -0.16256642  0.13189684  0.11956699  0.0482886   0.45504194
 -0.08100995  0.09265453 -0.1259796   0.05541435  0.19469796  0.00821815
 -0.42617556  0.0328936  -0.2873495  -0.4400161  -0.3239869  -0.3844956
  0.19310921  0.35258415 -0.2480412  -0.41410285  0.16214387  0.02410736
 -0.20610937  0.10675227]
[-0.21207985 -0.04338599 -0.13782018  0.06247317 -0.11145628  0.04779302
 -0.04325321  0.07329666 -0.14751072 -0.05238244  0.0583741   0.22190982
  0.19446847 -0.03279483  0.01342591  0.05497703 -0.01453786  0.15238218
  0.07328736  0.04196812  0.00577974 -0.01308541 -0.06487832 -0.02594155
  0.04983326 -0.13585503 -0.15373503 -0.01264792 -0.12203646  0.1884374
 -0.13454583  0.09416161  0.09842523  0.07159965  0.20619941 -0.1134255
  0.08845784  0.02860835  0.02633873  0.075999   -0.03118348 -0.08276699
 -0.00508887 -0.14371862 -0.11984777  0.03949038 -0.06745009  0.01203571
  0.37803268 -0.09170496  0.18062267 -0.01076747  0.1832354  -0.11831515
 -0.12083774 -0.16791475  0.07177991 -0.28139365  0.09103592  0.03628541
  0.18958448 -0.00742023  0.07344973  0.3397311  -0.09239269 -0.08344702
  0.52180034 -0.02659799  0.02722135 -0.00451832  0.00256878 -0.10785171
 -0.14215268 -0.13963564 -0.1438639  -0.15569293 -0.15481964  0.03893623
 -0.17110872 -0.12599112  0.00294216 -0.00140087 -0.231617    0.15785119
 -0.04898905 -0.10047494 -0.03249202 -0.15018333  0.21033905  0.11402972
  0.1244391   0.24097899  0.01481632 -0.11279619  0.2552756  -0.12005615
 -0.14485674  0.07062969  0.08029295 -0.01682877  0.20703216  0.08395969
 -0.06075922 -0.09015384  0.08252359  0.06964824  0.02783833  0.27207357
 -0.04712996  0.05050635 -0.05699129 -0.01196565  0.06402268  0.01134066
 -0.24116644  0.00879734 -0.17824513 -0.26883683 -0.18268996 -0.19455585
  0.047       0.19423276 -0.18067601 -0.23793733  0.05564592  0.02035767
 -0.049505    0.08664553]
[-0.24367031 -0.01928668 -0.19073339  0.04824357 -0.1735191   0.11131213
 -0.0836982   0.09978113 -0.18130091 -0.04571862  0.10286946  0.22360474
  0.27667925 -0.01770617  0.03361352  0.09753112 -0.05801322  0.20529732
  0.17393236  0.05688788 -0.00818871  0.01991216 -0.07991376 -0.01050342
  0.01259684 -0.17486064 -0.19206595 -0.03241098 -0.1924231   0.29057083
 -0.1656474   0.08414192  0.15673812  0.10653573  0.3060333  -0.18453164
  0.06456808  0.00774251  0.05566096  0.11836065 -0.06128275 -0.13994128
 -0.02298797 -0.2741341  -0.13823937  0.06468589 -0.09253037  0.00925425
  0.549129   -0.09769152  0.23956837 -0.04123496  0.27892262 -0.19560815
 -0.14279279 -0.2659715   0.06723754 -0.39949483  0.16130702  0.0306421
  0.25718877 -0.02422757  0.12598066  0.45409638 -0.11077615 -0.06741362
  0.73358715 -0.09365618  0.03492291  0.03695419  0.00752637 -0.16536695
 -0.19586019 -0.21199591 -0.22721247 -0.18808827 -0.19260308  0.09211965
 -0.25200388 -0.13137408  0.01189495 -0.04050795 -0.3363021   0.23139282
 -0.1170871  -0.14006166 -0.06962975 -0.21281704  0.33512712  0.18670681
  0.18906529  0.3115658  -0.03649791 -0.15088609  0.37531522 -0.16716522
 -0.19641517  0.09903367  0.1238824  -0.02751384  0.27959844  0.14885928
 -0.09656586 -0.13402684  0.14144744  0.10649688  0.00295193  0.38219023
 -0.10462154  0.06131784 -0.08432255  0.01193895  0.14951131 -0.00195825
 -0.38181913  0.0384316  -0.23109533 -0.38339123 -0.25651693 -0.30508053
  0.12723123  0.31072673 -0.27616867 -0.35058075  0.10118654 -0.00229975
 -0.09134764  0.11016862]
