[-0.13098137 -0.02165675 -0.01520797  0.10242067 -0.00429271 -0.13379215
 -0.05652342  0.1818406   0.05300938 -0.1944242  -0.07844823  0.23427625
  0.07124028 -0.03029317 -0.02212398 -0.21143441  0.19502863  0.2659556
 -0.1516568  -0.03868836 -0.02557386 -0.08675852 -0.2781964  -0.15858412
  0.285423   -0.06001078 -0.07545213 -0.00859378  0.00769704 -0.03991117
 -0.17023909 -0.03197661  0.06431865 -0.16585614  0.14064437 -0.06561989
  0.28454337  0.17590334  0.00141973  0.04665463 -0.0507642  -0.14605334
  0.06555883 -0.04884027 -0.15971595  0.3466129  -0.04677713  0.3428538
  0.05108643 -0.2563748   0.25842488 -0.12188223  0.12856077 -0.05775649
 -0.24420504 -0.14913532  0.10160337 -0.24005839 -0.06973984  0.05915547
  0.1351676   0.0227606  -0.02960125  0.19287287 -0.09201578 -0.2534649
  0.39128768  0.01241878 -0.0058897  -0.22624557 -0.06498134 -0.11158305
 -0.13592036  0.06944904  0.247294   -0.1514647  -0.08261801 -0.1489117
  0.01557707  0.1666988  -0.00658016  0.23736686 -0.19842508  0.2902729
  0.19545847  0.05111698  0.02929486 -0.01624566  0.05978755 -0.02558686
  0.20927742  0.27687013  0.15847309 -0.06331234  0.05388224 -0.22313245
 -0.01026633  0.10182171  0.28685105  0.19494422  0.10359397 -0.17227927
  0.05794255 -0.06731363  0.11462786  0.1686517   0.08242457  0.22289708
 -0.09257264  0.10274876 -0.0709753   0.0037994  -0.31000242  0.12425356
 -0.08559488  0.03581539 -0.15344352 -0.21397184  0.06479324 -0.13623779
 -0.09039785 -0.03724262 -0.1278033  -0.03906642 -0.22226976  0.05963161
  0.23960532  0.1099577 ]
[-1.43644735e-01 -2.31675096e-02 -2.33244500e-04  1.22240454e-01
 -1.75033137e-02 -1.16229467e-01 -2.61356272e-02  1.93710193e-01
  4.89277542e-02 -2.28042334e-01 -9.20048580e-02  2.55709112e-01
  9.99406129e-02 -2.27099508e-02 -5.10382652e-02 -2.31961161e-01
  1.98875099e-01  2.68451661e-01 -1.78068236e-01 -2.99350899e-02
 -1.98278166e-02 -1.25529304e-01 -2.81091809e-01 -1.71666905e-01
  2.84423441e-01 -5.52013405e-02 -7.57524818e-02 -2.01401208e-02
  2.93172095e-02 -4.84459735e-02 -1.92171395e-01 -2.85324622e-02
  5.11698909e-02 -1.74813956e-01  1.35916397e-01 -5.15075475e-02
  3.01513255e-01  1.92806989e-01  8.11840128e-03  3.34878545e-03
 -4.36661132e-02 -1.14457384e-01  3.40510868e-02 -4.28148024e-02
 -1.43424258e-01  3.37366760e-01 -4.14128229e-02  3.61215055e-01
  4.02681343e-02 -2.82006174e-01  2.46174961e-01 -9.10449252e-02
  9.29741114e-02 -5.80199882e-02 -2.46284306e-01 -1.27737239e-01
  9.94433761e-02 -2.58543909e-01 -6.47053719e-02  8.00075829e-02
  1.49598494e-01 -1.26012415e-02 -4.86501344e-02  1.85344398e-01
 -7.50005171e-02 -2.72254467e-01  4.12314266e-01  2.98193246e-02
 -3.93278780e-04 -2.45635957e-01 -1.04154907e-01 -8.64663869e-02
 -1.65864870e-01  9.69934016e-02  2.67367244e-01 -1.79497674e-01
 -1.04475237e-01 -1.67547330e-01  1.62340738e-02  1.58659473e-01
  2.11784393e-02  2.40120485e-01 -1.78430945e-01  3.14395100e-01
  2.15062290e-01  3.71030159e-02  2.15292145e-02  4.44060704e-03
  4.24334556e-02 -6.02899976e-02  2.16660127e-01  2.99330205e-01
  1.76846623e-01 -5.54251522e-02  4.07743976e-02 -2.17450082e-01
  1.88026559e-02  1.15554743e-01  3.06289256e-01  2.09333152e-01
  9.29486081e-02 -1.94293171e-01  3.67915668e-02 -6.87429309e-02
  7.55582154e-02  1.46017343e-01  8.21259543e-02  2.15633571e-01
 -7.89829344e-02  1.06327891e-01 -8.82196650e-02  1.23918317e-02
 -3.37170899e-01  1.35386601e-01 -8.89281929e-02  1.19499974e-02
 -1.29841700e-01 -1.98062167e-01  5.67991510e-02 -1.66244477e-01
 -1.02403067e-01 -5.43846935e-02 -1.50026202e-01 -2.45121494e-02
 -2.18454808e-01  9.04131457e-02  2.51066506e-01  1.03061959e-01]
[-0.10680921 -0.00874012  0.0107135   0.08923633 -0.0057093  -0.1037182
 -0.02245173  0.15738706  0.04094509 -0.19380221 -0.08139846  0.21335097
  0.0798053  -0.02231133 -0.03299531 -0.19471739  0.1737426   0.22926034
 -0.1456001  -0.0354798  -0.02219437 -0.10640765 -0.22573447 -0.14926754
  0.232074   -0.05410106 -0.06027895 -0.0209651   0.02521056 -0.04822356
 -0.15999086 -0.02705897  0.05376885 -0.15020852  0.11053589 -0.04334502
  0.24567333  0.15957098  0.01061376  0.00136029 -0.02805818 -0.10317165
  0.03775114 -0.03954282 -0.11281627  0.2873372  -0.02925492  0.30076945
  0.0374468  -0.23764507  0.20404714 -0.08099566  0.08949958 -0.05532976
 -0.20445561 -0.1091405   0.0824889  -0.20786017 -0.04904951  0.05957499
  0.11515063 -0.01746558 -0.04763037  0.1500795  -0.05328417 -0.22105
  0.34313482  0.01275622 -0.01120479 -0.19509324 -0.09118351 -0.07905512
 -0.13691191  0.09073272  0.22133712 -0.1488553  -0.07725851 -0.12818779
  0.02179821  0.14464088  0.01019473  0.20713356 -0.15207425  0.2619595
  0.17867026  0.03403528  0.02304854  0.00053232  0.03617604 -0.04404486
  0.18158843  0.23903894  0.14674187 -0.04627156  0.03248397 -0.18049583
  0.02532126  0.0978407   0.25937954  0.17035379  0.08293988 -0.15867801
  0.03333903 -0.0502679   0.05649969  0.11835288  0.05643244  0.16950706
 -0.06618935  0.08278048 -0.07878181  0.00746499 -0.2756647   0.10639481
 -0.07889225  0.00984939 -0.10524683 -0.16947298  0.05333177 -0.13943404
 -0.08064596 -0.04792891 -0.1266712  -0.01533266 -0.18590431  0.06913468
  0.20999081  0.08858261]
[-0.09565414 -0.01667993 -0.01144469  0.08172281 -0.00062199 -0.11179745
 -0.0382684   0.13865234  0.05107846 -0.14232668 -0.0613084   0.17786147
  0.04926153 -0.02515293 -0.02055561 -0.16868128  0.15694568  0.21557772
 -0.12951057 -0.0316878  -0.02245912 -0.06353688 -0.21781574 -0.13358
  0.22269678 -0.0473949  -0.05846532 -0.00634619  0.00817702 -0.03424216
 -0.12694135 -0.01859887  0.05922926 -0.13449766  0.10554405 -0.04295255
  0.21830253  0.12897694  0.00380754  0.04008708 -0.03400462 -0.12420445
  0.05318718 -0.03130843 -0.12317055  0.26836002 -0.03702197  0.2630707
  0.0377376  -0.2016131   0.20590547 -0.08847252  0.10910428 -0.03935474
 -0.19634914 -0.11298212  0.08220556 -0.18213911 -0.065054    0.03848337
  0.09934183  0.01665136 -0.02383749  0.14166819 -0.0757897  -0.19540846
  0.29588696  0.01185414  0.00120422 -0.17870027 -0.05177394 -0.08099914
 -0.10298266  0.0624543   0.1955106  -0.11370124 -0.06193493 -0.11434967
  0.00859304  0.1294952  -0.01739082  0.19241296 -0.14758997  0.2177333
  0.15429991  0.03328005  0.0319931  -0.01547204  0.04163317 -0.02359681
  0.16672131  0.21275595  0.12288447 -0.04541092  0.03431855 -0.1708277
 -0.00268698  0.07439766  0.2247139   0.16251333  0.08009094 -0.1285689
  0.04285474 -0.04778005  0.08910688  0.12784986  0.06241482  0.17175962
 -0.07356241  0.07376178 -0.04684259 -0.00475609 -0.24899058  0.10300911
 -0.06661221  0.02730051 -0.11154703 -0.16469814  0.05085947 -0.09705825
 -0.07315475 -0.03183225 -0.09714518 -0.02610908 -0.18134785  0.04750051
  0.19521408  0.08130927]
[-1.04714520e-01 -3.19577754e-02 -2.27757953e-02  9.07747149e-02
 -1.59649849e-02 -1.24262102e-01 -4.31974456e-02  1.58205256e-01
  4.64952476e-02 -1.60137594e-01 -7.02794492e-02  1.84522256e-01
  6.00342266e-02 -3.87340002e-02 -1.98879447e-02 -1.90843239e-01
  1.62090287e-01  2.39698336e-01 -1.32806778e-01 -3.25877592e-02
 -1.77998617e-02 -7.17626810e-02 -2.30997086e-01 -1.37909546e-01
  2.43515000e-01 -5.22648469e-02 -6.28859401e-02 -2.09563766e-02
 -5.21242546e-05 -2.27799136e-02 -1.45605028e-01 -2.61853468e-02
  5.84707260e-02 -1.37168765e-01  1.12305157e-01 -4.50968146e-02
  2.30103254e-01  1.50365397e-01  3.21713206e-03  3.85440812e-02
 -4.47614267e-02 -1.30651057e-01  4.49757241e-02 -4.24123406e-02
 -1.19783953e-01  2.81676620e-01 -2.86508426e-02  2.83420324e-01
  3.30628119e-02 -2.32097805e-01  2.20728964e-01 -1.03441238e-01
  1.15398072e-01 -5.65253422e-02 -2.11231679e-01 -1.18676156e-01
  8.51867124e-02 -2.00329274e-01 -5.50338402e-02  5.24512976e-02
  1.05720729e-01  1.33380238e-02 -1.33151365e-02  1.54547125e-01
 -7.89595991e-02 -2.14869797e-01  3.35376531e-01  6.16864068e-03
  9.92669165e-03 -1.90621316e-01 -6.25288188e-02 -8.95789787e-02
 -1.09852910e-01  5.80126233e-02  2.01110110e-01 -1.31696731e-01
 -6.96795955e-02 -1.23405002e-01  7.58934068e-03  1.33604869e-01
 -1.60488132e-02  2.01131433e-01 -1.65403038e-01  2.45576665e-01
  1.66202843e-01  4.38540056e-02  3.06489542e-02 -5.39029669e-03
  4.53302339e-02 -2.87331771e-02  1.79009765e-01  2.28441983e-01
  1.21433459e-01 -4.64832745e-02  3.70518304e-02 -1.84880570e-01
 -7.78136263e-03  8.27810988e-02  2.42423102e-01  1.71501011e-01
  8.05596337e-02 -1.47080734e-01  5.05107157e-02 -4.66183536e-02
  9.11058038e-02  1.41682431e-01  6.51863217e-02  1.93087921e-01
 -8.24463516e-02  9.29646119e-02 -5.40714674e-02  1.84334465e-03
 -2.58857012e-01  1.04947589e-01 -7.92133883e-02  3.36503983e-02
 -1.25256345e-01 -1.78152695e-01  6.05290718e-02 -1.07166111e-01
 -7.55953491e-02 -3.73074859e-02 -1.24115229e-01 -4.02511694e-02
 -2.01216727e-01  4.21945788e-02  2.15971828e-01  9.32161883e-02]
[-1.19250335e-01 -2.86824387e-02 -1.98479053e-02  9.59110335e-02
  3.01643915e-04 -1.14824004e-01 -3.38826999e-02  1.47505179e-01
  4.04775441e-02 -1.69370055e-01 -6.48305938e-02  2.04363704e-01
  5.93319163e-02 -3.19398902e-02 -3.07399575e-02 -1.86570287e-01
  1.71529755e-01  2.29370534e-01 -1.35174066e-01 -2.09871307e-02
 -1.79379657e-02 -8.23002830e-02 -2.29770899e-01 -1.43190309e-01
  2.43851572e-01 -6.04813844e-02 -6.82435781e-02 -1.75865348e-02
  3.93085182e-03 -3.92428339e-02 -1.59164488e-01 -2.16280781e-02
  6.15222044e-02 -1.45107493e-01  1.10804766e-01 -5.22865281e-02
  2.48209357e-01  1.55317292e-01  8.27228744e-03  2.67241374e-02
 -4.12265509e-02 -1.19989261e-01  5.02636954e-02 -3.80177088e-02
 -1.34713829e-01  2.89055079e-01 -4.58617806e-02  2.93363333e-01
  4.70075943e-02 -2.30102256e-01  2.07299083e-01 -1.02241062e-01
  9.87735167e-02 -4.44288775e-02 -2.08536699e-01 -1.17631391e-01
  9.04783979e-02 -2.07525581e-01 -6.32725209e-02  5.53036854e-02
  1.14290349e-01  1.24305710e-02 -2.93161646e-02  1.68780684e-01
 -6.95295334e-02 -2.20092997e-01  3.41712356e-01  2.22073235e-02
 -2.15662061e-03 -2.02437624e-01 -6.43297732e-02 -8.59704539e-02
 -1.29213139e-01  6.78857043e-02  2.14044377e-01 -1.41397953e-01
 -6.91793784e-02 -1.33075193e-01  2.01996267e-02  1.36868343e-01
 -7.03798095e-03  2.05057308e-01 -1.69261619e-01  2.51683116e-01
  1.59901008e-01  4.85320352e-02  2.80500855e-02 -8.14114232e-04
  4.41158377e-02 -3.28710750e-02  1.78482860e-01  2.42040485e-01
  1.37772188e-01 -6.24723285e-02  4.59902808e-02 -1.93987131e-01
 -5.96706523e-03  9.40915793e-02  2.38714948e-01  1.71094730e-01
  7.97191560e-02 -1.53353557e-01  3.72758284e-02 -5.13100475e-02
  8.85033160e-02  1.38414055e-01  7.43154213e-02  1.92124501e-01
 -6.85218275e-02  8.89870748e-02 -6.98998123e-02  4.24748007e-03
 -2.71043509e-01  1.01736583e-01 -6.55602291e-02  2.36719996e-02
 -1.29362658e-01 -1.71119004e-01  6.55803755e-02 -1.14960618e-01
 -7.86937624e-02 -3.68764438e-02 -1.14554346e-01 -3.65475044e-02
 -1.90581053e-01  5.06620444e-02  2.13276625e-01  9.24808383e-02]
[-0.09013323 -0.00812934  0.00671984  0.07795364 -0.01637415 -0.06758394
 -0.00858359  0.12024228  0.03297231 -0.16174936 -0.06338513  0.16642874
  0.07900485 -0.01553714 -0.03995903 -0.14975232  0.13604645  0.17482953
 -0.1233216  -0.02516855 -0.00635624 -0.09462997 -0.17129879 -0.11521593
  0.1853194  -0.03915858 -0.04803432 -0.00785226  0.01509114 -0.0321683
 -0.12595485 -0.01266752  0.04039107 -0.10864216  0.08634356 -0.0374465
  0.1950123   0.13048697  0.00202618 -0.01229323 -0.02724452 -0.07559248
  0.01088989 -0.03865055 -0.08550713  0.22163399 -0.02506826  0.23348342
  0.03214282 -0.18640913  0.15952674 -0.05376185  0.0605916  -0.04606071
 -0.15218459 -0.07491145  0.05986335 -0.16791435 -0.04700685  0.05100385
  0.09341959 -0.01611885 -0.03165995  0.1222355  -0.04070529 -0.17825726
  0.27315477  0.01308998 -0.00726771 -0.16527285 -0.07491814 -0.0459923
 -0.11505751  0.07505786  0.17291966 -0.11290614 -0.06987054 -0.11078613
  0.01914985  0.11447386  0.01825166  0.15658522 -0.11789477  0.20964096
  0.14490673  0.02016454  0.01591411 -0.00145425  0.01906503 -0.0497716
  0.13773769  0.20286979  0.10779738 -0.03846236  0.03132664 -0.14581083
  0.02090864  0.0720343   0.20545794  0.133924    0.05919579 -0.13069479
  0.01761943 -0.03689222  0.03311254  0.09607109  0.04949845  0.13843748
 -0.04472998  0.06433702 -0.06609698  0.01207908 -0.2253458   0.08823492
 -0.06526845  0.00705626 -0.0774049  -0.13375306  0.04109112 -0.11685267
 -0.05792639 -0.04414582 -0.10170813 -0.01211735 -0.14182836  0.06122376
  0.16048537  0.05573997]
[-0.11021683 -0.02603852 -0.01178664  0.09643543 -0.00413642 -0.11610273
 -0.03656866  0.16743213  0.05493059 -0.18224046 -0.07616205  0.20516808
  0.07752907 -0.02442625 -0.03592633 -0.20204458  0.16599464  0.24312565
 -0.14610153 -0.03295472 -0.01900857 -0.08811102 -0.24383897 -0.15393265
  0.2405164  -0.05317799 -0.06092486 -0.01392348  0.01204913 -0.02947331
 -0.16291039 -0.02271328  0.05663581 -0.1464617   0.12258701 -0.05447301
  0.25815308  0.15587544  0.0054472   0.01872104 -0.03187298 -0.11778767
  0.03660069 -0.05233197 -0.12825803  0.30092657 -0.0454853   0.30879626
  0.04153371 -0.2423516   0.21327841 -0.09058359  0.09609602 -0.0615179
 -0.20661195 -0.11288989  0.07798497 -0.21643256 -0.0642743   0.06088091
  0.12226108  0.00556139 -0.02403267  0.16664314 -0.07229925 -0.23301573
  0.34924293  0.02236112  0.00557402 -0.20842999 -0.08105673 -0.09217454
 -0.13763823  0.07779317  0.22055009 -0.14377849 -0.08210508 -0.12738214
  0.01600901  0.1504125   0.01195802  0.20394218 -0.16919796  0.26955774
  0.17988029  0.03364453  0.02776081 -0.00553901  0.04904952 -0.04438202
  0.19285934  0.25582036  0.13352077 -0.05806446  0.04119625 -0.19960298
  0.00327693  0.09077033  0.26620856  0.18417348  0.07704897 -0.14993674
  0.03138457 -0.04799442  0.08339074  0.14319111  0.06166725  0.1953953
 -0.08037923  0.08839736 -0.0708788   0.0028349  -0.28851923  0.11599447
 -0.0816752   0.02450689 -0.1208835  -0.18141386  0.06405881 -0.13787125
 -0.07481596 -0.03806702 -0.12502557 -0.03165829 -0.20300503  0.07071746
  0.22229086  0.08374521]
