[ 0.01276356  0.30022135  0.14887585 -0.05241719 -0.15484823 -0.14393179
 -0.12205715 -0.14369999 -0.24166675 -0.19201423 -0.2652499   0.29184034
  0.1303994  -0.27487642  0.00210322  0.02877451  0.17437783  0.20573159
  0.13454886 -0.359856    0.05946621 -0.3391667  -0.0902878   0.18391092
  0.17147681 -0.06019095 -0.25139746 -0.06388022  0.00868804  0.06752316
  0.15335311 -0.16884677 -0.10304543  0.09322819  0.07996872 -0.13835141
  0.25883418  0.29493353 -0.22959542 -0.02298933 -0.3011075   0.02248739
  0.11482188  0.2245123   0.19145185  0.23141351  0.2814441   0.10933766
  0.05387568 -0.11404893  0.41688314 -0.08029856  0.15656918  0.11039309
 -0.07586736 -0.0278793   0.23632218 -0.0269234   0.20504151  0.04132093
  0.00759734  0.01359531 -0.4806979   0.06807514 -0.03755515  0.21933138
  0.30770543 -0.24647063 -0.16559891  0.07252383  0.0032811  -0.1543291
  0.12803108  0.31174833  0.0687708   0.07332345 -0.12413363 -0.27658305
  0.0088062   0.1092633   0.10699885 -0.03200111 -0.18149419  0.08721307
  0.16892467 -0.22621529 -0.19452533 -0.35671282  0.07053379  0.21367139
  0.09450986 -0.03251396  0.35608903  0.23745541  0.28911057  0.12133265
  0.00901133  0.28215367  0.06430589 -0.18453391  0.25032094 -0.21980633
  0.3046669  -0.10764801 -0.08068927  0.04071115  0.18097647  0.03146179
  0.08828545  0.34299162 -0.11324208  0.10673461  0.04396464 -0.0091755
 -0.06915951  0.01115054  0.08602179 -0.19825077 -0.11901379 -0.16583885
  0.00457148 -0.0134104   0.11646709  0.28046578 -0.04041061  0.04955135
 -0.3140421   0.38024876]
[-0.5466688  -0.4747648  -0.35230312  0.33138558  0.08326977 -0.32365116
  0.119289    0.2183324   0.02009866  0.19574618  0.20021603  0.45461884
  0.01206716  0.00346343 -0.20641504 -0.30523664  0.23765357  0.72247595
 -0.38603553  0.3596037  -0.22882149  0.15875375 -0.2980925  -0.79807806
  0.21704216 -0.5051142  -0.37648046 -0.1304802  -0.13980861  0.07690005
 -0.40931317  0.6048166   0.45456925 -0.300642    0.26129505  0.20650925
  0.25479516 -0.21197186  0.37486562  0.3109852   0.4227408  -0.3915361
  0.09666803  0.02860578 -0.5273942   0.10637253 -0.33738962  0.10084618
  0.69216996 -0.577234    0.41986123  0.19002092  0.6010958  -0.07667251
 -0.72424287 -0.41260037  0.38734338 -0.5495152  -0.33786827  0.01181742
  0.35126466 -0.01250455  0.21036585  0.5710232  -0.30635732 -0.534301
  0.95498794  0.29816246  0.27151552 -0.2570602  -0.06216005 -0.0863466
 -0.4496199  -0.22546281 -0.00674109 -0.639507   -0.22645435  0.28641066
 -0.40932587 -0.5226702  -0.3950426   0.5446372  -0.2632001   0.16156664
 -0.06677216 -0.14630976  0.39829227 -0.12695435  0.20288274  0.06678718
  0.3937794   0.56964546  0.14934675 -0.2793354  -0.00582709 -0.39859632
 -0.24502665  0.03702181  0.2671212   0.4657586   0.24720305  0.33962753
 -0.26329738 -0.09380133  0.19961107  0.00198466  0.01382116  0.69240886
 -0.19706316 -0.2256241   0.15197718 -0.43229648 -0.46971548  0.23082192
 -0.23353939 -0.17124346 -0.348449   -0.48377213 -0.1016894   0.00732575
 -0.4259123   0.34008062 -0.36050186 -0.50511783 -0.27758884  0.16157807
  0.6537021   0.01006833]
[-3.03037614e-01 -9.25452858e-02  4.59349994e-03  1.68825999e-01
  4.27223928e-02 -3.07633698e-01  7.87831172e-02  3.90090905e-02
 -8.30439627e-02  2.94733699e-02 -8.28427747e-02  3.41820955e-01
  2.32459791e-02 -5.61844856e-02 -2.66264319e-01 -2.60038465e-01
  2.23068073e-01  5.17317295e-01 -2.94414520e-01  2.25617252e-02
 -1.18242681e-01 -1.24329120e-01 -1.53723270e-01 -5.03489733e-01
  2.19618738e-01 -2.86742330e-01 -3.49106342e-01 -2.06421614e-02
 -5.69645502e-02 -7.31114149e-02 -1.00835711e-01  2.84830093e-01
  2.06323311e-01 -1.86589167e-01  1.31277099e-01  1.66908562e-01
  2.94768095e-01  1.01285510e-01  1.17653169e-01  1.22856788e-01
  1.43127695e-01 -2.23529711e-01  2.96625793e-02  1.68236554e-01
 -1.19235441e-01  2.19756916e-01 -1.25459313e-01  1.99306116e-01
  2.87995428e-01 -4.54264134e-01  4.89951283e-01  2.03509912e-01
  3.86876047e-01  8.99452865e-02 -4.72939879e-01 -2.48244345e-01
  3.66414458e-01 -3.78142089e-01 -3.19007903e-01 -1.52130770e-02
  1.88522831e-01 -8.99948478e-02 -2.56808728e-01  2.89324105e-01
 -1.79257765e-01 -1.84015661e-01  5.73485136e-01  9.65685025e-02
  5.38039804e-02 -1.97899625e-01 -4.20292169e-02 -7.52661517e-03
 -1.91630259e-01  1.35589093e-01  2.09637731e-01 -3.13277870e-01
 -2.06522956e-01  7.09841400e-03 -2.78930515e-01 -2.02241719e-01
 -1.51268631e-01  3.95836592e-01 -1.37061775e-01  7.46207014e-02
  1.38194770e-01 -1.56078175e-01  1.88783795e-01 -2.45691359e-01
  5.07047027e-02 -1.99637841e-04  2.36136168e-01  3.56854379e-01
  2.65121698e-01 -7.95192737e-03  4.29302417e-02 -1.79901272e-01
 -5.33914939e-02  1.52922601e-01  2.39903703e-01  2.73097008e-01
  2.34154344e-01  1.79971904e-02 -6.36391938e-02 -4.41368446e-02
  4.07122262e-03  2.47790609e-02  1.71063408e-01  3.42694491e-01
 -4.37680371e-02 -3.77327129e-02  8.24811310e-02 -2.44437054e-01
 -4.73420709e-01  2.11904943e-01 -7.35741034e-02 -1.18567728e-01
 -1.30033404e-01 -2.60060281e-01 -9.82339382e-02  8.61279084e-04
 -3.71268034e-01  1.39645755e-01 -1.13281116e-01 -1.19958613e-02
 -2.85222441e-01  2.02082649e-01  3.11558396e-01  1.26742646e-01]
[-0.3607398  -0.21012765 -0.09523288  0.2140651   0.05746735 -0.2988084
  0.09173042  0.09904321 -0.0480624   0.0851115   0.00889904  0.36862704
  0.0109244  -0.03551687 -0.23210035 -0.2684081   0.21952239  0.5393998
 -0.3211195   0.12976654 -0.14875326 -0.02652684 -0.18931106 -0.5719842
  0.21108171 -0.34251866 -0.3255324  -0.03982199 -0.07319034 -0.02766636
 -0.19530489  0.3700413   0.26828483 -0.21884258  0.15613616  0.18323319
  0.2573497  -0.00834978  0.19354591  0.16408607  0.23648156 -0.25216645
  0.05239269  0.1184048  -0.23881616  0.16516425 -0.19119896  0.16068147
  0.39133853 -0.45890597  0.43566078  0.19875666  0.42656812  0.02570877
 -0.51646364 -0.27986324  0.3321218  -0.40098387 -0.30922174 -0.00299287
  0.22539479 -0.05610913 -0.08247261  0.35254842 -0.20787194 -0.2916514
  0.65139294  0.16433443  0.12400509 -0.19744408 -0.0405983  -0.02280484
 -0.25884247  0.00850511  0.12522271 -0.39879277 -0.19992228  0.10389291
 -0.30341825 -0.29304776 -0.21648188  0.42703435 -0.15016851  0.09449965
  0.07702503 -0.13532324  0.25494456 -0.18093713  0.09339747  0.00936762
  0.27025384  0.39491904  0.2009868  -0.08919197  0.01787497 -0.23427671
 -0.10864922  0.10024653  0.22576337  0.32260415  0.2159561   0.12755273
 -0.12687196 -0.05181221  0.05371488  0.01065894  0.10366031  0.41881806
 -0.09580496 -0.10204004  0.10758939 -0.2960891  -0.45242023  0.20037362
 -0.12015799 -0.12285471 -0.19729093 -0.30706212 -0.09933444  0.0144578
 -0.35876885  0.18498307 -0.18763179 -0.16755386 -0.2700779   0.1873825
  0.40384972  0.08217458]
[ 0.11213578  0.32166344 -0.09770577 -0.09764785 -0.34371388  0.01140412
 -0.33103523 -0.16645452 -0.33301443 -0.27027366 -0.20521781  0.40013874
  0.22509241 -0.5238315   0.36723655  0.3379472   0.11772438  0.05132839
  0.517932   -0.45498043  0.19600761 -0.30643016 -0.24579199  0.7475912
  0.17301582  0.00191962 -0.18494469 -0.21327664  0.02210969  0.4366001
  0.1106085  -0.37545854 -0.25829875  0.32714662  0.16149725 -0.46398628
  0.2698655   0.24653539 -0.42675856  0.02914371 -0.5843919   0.16153032
  0.31632787  0.21488313  0.09622542  0.10838993  0.51746994 -0.06738011
  0.20323819  0.12467261  0.34463578 -0.42680895  0.1013475   0.01688969
  0.07300694  0.07564705  0.16000867  0.15495354  0.8009932   0.16395038
  0.01584286  0.27557603 -0.29015318  0.17860137 -0.07483377  0.2981637
  0.4323892  -0.36093986 -0.12817715  0.27886954  0.05265931 -0.4394542
  0.25977826  0.14579515 -0.30698714  0.17714058 -0.11251109 -0.4110014
  0.16812061  0.08190019  0.17358565 -0.3846994  -0.38933125  0.22421856
  0.04997105 -0.34710693 -0.4394218  -0.39705572  0.2772496   0.52846694
  0.12762813 -0.21434927  0.43972665  0.24915639  0.5854996   0.25861534
 -0.19136477  0.346123   -0.13586915 -0.4953381   0.32703876 -0.18380421
  0.55434775 -0.26655304  0.08355963  0.06617305  0.11585026  0.08209425
  0.09181417  0.6907297  -0.24416351  0.30097556  0.6068745  -0.20892046
 -0.21271639  0.10743692  0.07421546 -0.35702595 -0.20204526 -0.337454
  0.3451162   0.02810249  0.15000452  0.12140281  0.22023591 -0.10760973
 -0.7040307   0.64364874]
[-0.15447685  0.13738897  0.25345394  0.04994723  0.04431634 -0.28932482
  0.08234174 -0.06550971 -0.12698968 -0.06028882 -0.24745595  0.21532856
  0.03016778 -0.02974642 -0.33339256 -0.2506307   0.18930219  0.38336334
 -0.27086538 -0.1609403  -0.07012588 -0.27857056 -0.00525996 -0.3959066
  0.18642893 -0.15090238 -0.31873944  0.07453267 -0.02521967 -0.20622908
  0.09523422  0.12929088  0.08257045 -0.1259677   0.04637963  0.17917535
  0.26893502  0.2771744  -0.00359715  0.00765149  0.02901316 -0.14896064
 -0.05648783  0.20331314  0.14848468  0.2805595  -0.03152668  0.24744192
  0.02056472 -0.37540755  0.49202353  0.2588364   0.25316438  0.17229587
 -0.30241555 -0.1598626   0.33162227 -0.27998763 -0.38399005 -0.06038549
  0.07336627 -0.18735555 -0.52217793  0.09322774 -0.0777197   0.02468621
  0.28322926 -0.03025056 -0.09437589 -0.17293672 -0.03126249  0.08281766
 -0.04536178  0.34286574  0.3549606  -0.10831435 -0.18215708 -0.10355693
 -0.21483752  0.00170443 -0.01439944  0.32832316 -0.02758599 -0.01662473
  0.25470793 -0.12351598  0.09309134 -0.30127648 -0.07477967 -0.08837701
  0.10019287  0.23965962  0.2705791   0.13710529  0.02054379 -0.07073635
  0.09565305  0.17460956  0.24466918  0.17024784  0.21186297 -0.16145223
  0.00899995  0.02598053 -0.14244507  0.03933082  0.24377014  0.10428987
  0.05112956 -0.00685472  0.0578842  -0.15276785 -0.5109442   0.21142161
  0.03483893 -0.0926123   0.00528381 -0.09716142 -0.07736263  0.02198765
 -0.36756545  0.01546559  0.02109226  0.28782517 -0.2964427   0.22013764
  0.14662485  0.11266597]
[-1.29822269e-01  1.27859384e-01  2.11896569e-01  4.20654155e-02
  1.70514267e-02 -2.40135863e-01  5.34189716e-02 -6.48377538e-02
 -1.16981082e-01 -5.00572473e-02 -2.14320019e-01  1.98521823e-01
  4.28602062e-02 -2.68984102e-02 -2.65948772e-01 -2.02728823e-01
  1.64387703e-01  3.12099785e-01 -1.94164038e-01 -1.50407299e-01
 -6.17621243e-02 -2.41778553e-01 -1.29326023e-02 -3.07484746e-01
  1.59206018e-01 -1.30000591e-01 -2.70470291e-01  6.45006672e-02
 -2.59266272e-02 -1.62310347e-01  9.08409283e-02  9.27064046e-02
  4.75794263e-02 -1.00127921e-01  5.47580719e-02  1.24385551e-01
  2.25365683e-01  2.25162387e-01 -1.03525780e-02 -4.41188831e-03
  1.11927297e-02 -1.00376956e-01 -4.13058400e-02  1.80711240e-01
  1.21861294e-01  2.41400331e-01 -1.01640197e-02  1.99922472e-01
  3.12793069e-02 -3.00395787e-01  4.12951469e-01  2.01781660e-01
  2.08728030e-01  1.37454718e-01 -2.40716860e-01 -1.38565779e-01
  2.79635310e-01 -2.21356988e-01 -2.92116761e-01 -3.54209095e-02
  6.48369938e-02 -1.36233434e-01 -4.37170446e-01  8.03012624e-02
 -6.02135062e-02  3.33868973e-02  2.46536851e-01 -4.35530320e-02
 -9.11877602e-02 -1.21218398e-01 -2.38440130e-02  5.61001189e-02
 -3.79824862e-02  2.84658998e-01  2.88628787e-01 -9.25990641e-02
 -1.44319981e-01 -8.98257941e-02 -1.65847063e-01  5.75070689e-03
  2.42174417e-03  2.44032890e-01 -3.34400460e-02 -3.79767432e-03
  2.14184314e-01 -1.20300688e-01  5.76152727e-02 -2.58707255e-01
 -4.59328853e-02 -4.90958877e-02  8.89247134e-02  1.82463154e-01
  2.25893989e-01  1.30492151e-01  3.53249200e-02 -5.30606657e-02
  7.51034766e-02  1.58139870e-01  2.01550096e-01  1.24548763e-01
  1.71784475e-01 -1.35453299e-01  3.10416855e-02  7.35071115e-03
 -1.21984161e-01  2.91368030e-02  2.00639129e-01  9.68152359e-02
  4.26843986e-02  1.07031092e-02  3.75061147e-02 -1.16006777e-01
 -4.03381407e-01  1.69559211e-01  3.25229988e-02 -6.26260787e-02
  1.28166294e-02 -1.04297154e-01 -5.62211499e-02  4.08431864e-04
 -2.84898251e-01  1.84481367e-02  3.04481629e-02  2.42203966e-01
 -2.32495725e-01  1.85375288e-01  9.51740220e-02  1.10754833e-01]
[-1.86731175e-01  9.06904638e-02  2.02406317e-01  9.05003250e-02
  4.10757884e-02 -2.96570927e-01  7.74069652e-02 -2.88014319e-02
 -1.04150750e-01 -3.28497477e-02 -2.12787241e-01  2.67426521e-01
  2.71970686e-02 -2.98358314e-02 -3.09721768e-01 -2.57809877e-01
  2.06774727e-01  4.16112423e-01 -2.87404865e-01 -1.25832260e-01
 -8.96483287e-02 -2.40920827e-01 -7.43438229e-02 -4.18008238e-01
  2.06032142e-01 -1.73535421e-01 -3.22724938e-01  6.14237934e-02
 -1.01317829e-02 -1.77543893e-01  5.49454167e-02  1.58520117e-01
  9.93785709e-02 -1.56456739e-01  7.81946406e-02  1.77315027e-01
  2.90892571e-01  2.23757014e-01  2.31386106e-02  3.52254249e-02
  5.80938980e-02 -1.55661479e-01 -2.22929791e-02  2.20721349e-01
  6.95441291e-02  2.75226563e-01 -5.24451770e-02  2.48988211e-01
  7.41012320e-02 -3.80660534e-01  4.95609194e-01  2.51295120e-01
  2.75383979e-01  1.61171481e-01 -3.46288681e-01 -1.78503320e-01
  3.33479077e-01 -2.98034012e-01 -3.61170620e-01 -4.55199890e-02
  1.09591037e-01 -1.51686281e-01 -4.57830369e-01  1.25009984e-01
 -1.12577990e-01 -2.94852164e-02  3.36501628e-01  1.15088141e-02
 -5.16586415e-02 -1.74800858e-01 -3.80953997e-02  5.92168681e-02
 -7.89535567e-02  2.97652751e-01  3.34506959e-01 -1.57323390e-01
 -1.89052343e-01 -8.67224708e-02 -2.33302310e-01 -4.51284274e-02
 -4.17403057e-02  3.42458963e-01 -3.84167284e-02  1.00518875e-02
  2.46080294e-01 -1.50853217e-01  1.12804353e-01 -2.85568237e-01
 -3.63034382e-02 -6.31923750e-02  1.50566757e-01  2.61031061e-01
  2.84198731e-01  1.17612496e-01  1.82693675e-02 -8.43247697e-02
  6.80703819e-02  1.72362298e-01  2.51586676e-01  2.11010680e-01
  2.15032339e-01 -1.15284100e-01 -2.18472676e-04 -6.18848344e-03
 -1.00170881e-01  2.46426575e-02  2.24559367e-01  1.56109601e-01
  1.83341485e-02 -9.67798755e-03  7.24081397e-02 -1.77381918e-01
 -5.10277629e-01  2.27008060e-01  1.06788408e-02 -9.63894799e-02
 -1.73517931e-02 -1.38075694e-01 -9.59486142e-02  1.02043180e-02
 -3.65321994e-01  4.16393243e-02  2.34031351e-04  2.26480216e-01
 -2.95087755e-01  2.35636190e-01  1.85345635e-01  1.26513422e-01]
[ 0.02078235  0.22249424 -0.04415016 -0.02868    -0.23093492 -0.08409552
 -0.1947911  -0.11986367 -0.25902236 -0.18043822 -0.1843982   0.3518672
  0.15992376 -0.3832465   0.18147825  0.15760225  0.13089103  0.16368563
  0.28237975 -0.3325117   0.11083887 -0.25766796 -0.1854729   0.3953441
  0.16821319 -0.05738109 -0.2157834  -0.15493421  0.00102512  0.27482268
  0.07217453 -0.20225354 -0.12843613  0.1871464   0.13876396 -0.272941
  0.25224566  0.20759381 -0.2710746   0.03471233 -0.38010097  0.05526895
  0.2127523   0.20112646  0.0776111   0.12686089  0.34207088 -0.00372046
  0.18412103 -0.02691888  0.3535061  -0.22955473  0.15389912  0.04586252
 -0.05002024  0.01145097  0.19798164  0.02472107  0.4685709   0.10190777
  0.04036125  0.14526375 -0.2936411   0.16519165 -0.08907972  0.19103034
  0.4176494  -0.23600772 -0.08117647  0.14913675  0.01417755 -0.29204285
  0.14382917  0.1666226  -0.15106711  0.06167547 -0.12574188 -0.2917926
  0.04465714  0.02256219  0.08193136 -0.17818506 -0.28782344  0.15391855
  0.07749994 -0.28392485 -0.2637746  -0.33596703  0.19535811  0.35423574
  0.1418765  -0.07926405  0.36060947  0.18714206  0.40912798  0.15418953
 -0.11515866  0.28122437 -0.0321867  -0.27705607  0.2820097  -0.14031343
  0.36722893 -0.17484029  0.03505027  0.04306019  0.12380319  0.11359669
  0.06648529  0.47134477 -0.15080033  0.15433984  0.3040369  -0.08736023
 -0.1607998   0.04800396  0.04248377 -0.28934938 -0.1643623  -0.23052108
  0.15249132  0.03517164  0.07975478  0.10664338  0.0689102  -0.03123005
 -0.4178243   0.47515297]
[-0.01491288  0.16851278 -0.1449402  -0.00656419 -0.2776411  -0.08983824
 -0.25144422 -0.08778187 -0.27581805 -0.18183403 -0.15209323  0.42527884
  0.1809334  -0.45663342  0.24706414  0.19099602  0.15337065  0.22017103
  0.33458453 -0.3208234   0.11834209 -0.2329636  -0.2744855   0.4492246
  0.20556487 -0.10059721 -0.24158221 -0.21161821 -0.00805747  0.3790212
  0.01988826 -0.19689769 -0.12541421  0.20587112  0.17780343 -0.3232082
  0.2853112   0.18272191 -0.28682002  0.09117893 -0.4110941   0.04490228
  0.2779996   0.20443943 -0.00220492  0.11973092  0.37620386 -0.01983336
  0.28126076 -0.04039916  0.40485007 -0.3108618   0.21982345  0.00695025
 -0.10379317 -0.01842532  0.22267997  0.01301386  0.5882513   0.13834167
  0.07731663  0.22141646 -0.21801032  0.24932505 -0.13511948  0.14517917
  0.55593807 -0.24405147 -0.03822029  0.17462467  0.0282575  -0.37852782
  0.14157271  0.09326129 -0.23966187  0.01988145 -0.1462447  -0.29662567
  0.04248115 -0.03730794  0.05956788 -0.19544297 -0.36857492  0.21758915
  0.0478059  -0.32048976 -0.27881372 -0.35941055  0.26263297  0.44360533
  0.19351427 -0.06849661  0.40282384  0.17331612  0.4748933   0.14440799
 -0.20537801  0.30278403 -0.0526657  -0.3023661   0.3201475  -0.0985237
  0.4200834  -0.23407415  0.10603983  0.0587259   0.11077417  0.2069528
  0.02876025  0.5452545  -0.15794645  0.15913178  0.38778037 -0.11582757
 -0.22492686  0.05698801 -0.00422709 -0.38816008 -0.19133405 -0.26492062
  0.18538734  0.08351619  0.04676484  0.01654663  0.09506384 -0.05122099
 -0.4390679   0.5557146 ]
[-0.46276236 -0.31688604 -0.16202573  0.2775956   0.09605982 -0.37066206
  0.12319061  0.14986841 -0.020509    0.1304419   0.04763941  0.42542773
  0.00771437 -0.01162348 -0.29832363 -0.34766638  0.25091764  0.69526625
 -0.4184542   0.20881471 -0.19720289  0.0150199  -0.2402     -0.76622367
  0.24142626 -0.43694103 -0.39668056 -0.05744079 -0.10584738 -0.02525836
 -0.2784056   0.5031672   0.3683805  -0.28394926  0.2046658   0.23446126
  0.31036595 -0.04920523  0.2778496   0.22664668  0.34081212 -0.3425433
  0.04717972  0.1039492  -0.33805355  0.19199955 -0.28587687  0.1927881
  0.50961447 -0.5891412   0.50466657  0.25291002  0.5353508   0.00910425
 -0.6569596  -0.35889545  0.40377682 -0.5239585  -0.42226464 -0.01045812
  0.29494524 -0.07236946 -0.03812604  0.4621052  -0.26700485 -0.40620318
  0.8140023   0.23967813  0.18574452 -0.27161294 -0.06264846 -0.03037024
 -0.3587066  -0.02901487  0.14824666 -0.5239466  -0.24287526  0.17487697
 -0.39067385 -0.38322243 -0.2877026   0.5406821  -0.19553788  0.12296871
  0.06582975 -0.15397397  0.34774455 -0.19725996  0.12254696 -0.00778926
  0.34389722  0.52529365  0.2096467  -0.16028792 -0.0060201  -0.3301419
 -0.14911573  0.09300189  0.29658547  0.43961108  0.24644202  0.19719112
 -0.20815244 -0.04944027  0.09785487  0.02196265  0.1045858   0.55327123
 -0.13833085 -0.17165959  0.14396212 -0.39238492 -0.5804805   0.26443288
 -0.15338282 -0.1596426  -0.26438203 -0.38117874 -0.09826931  0.02179476
 -0.45789278  0.25392556 -0.25911105 -0.2623565  -0.3457194   0.22894809
  0.5648427   0.04839618]
[ 0.1446813   0.23065725 -0.1444434  -0.09950554 -0.29911402  0.07439148
 -0.28461304 -0.1303573  -0.23429993 -0.21349798 -0.11871449  0.2662074
  0.18320253 -0.4396466   0.37357098  0.33676088  0.05817292 -0.03833543
  0.48738977 -0.34137172  0.18345739 -0.1953795  -0.19529876  0.71086705
  0.09187508  0.03519182 -0.07116646 -0.20920676  0.02631196  0.41533872
  0.06978263 -0.33627713 -0.22646788  0.30371892  0.10573942 -0.4184205
  0.14937247  0.13851684 -0.3562308   0.02002372 -0.48875377  0.15982415
  0.27357665  0.13001317  0.06138693  0.01115859  0.45263216 -0.1253182
  0.14507172  0.19985479  0.15033956 -0.42044055  0.01931745 -0.03224412
  0.14527753  0.12262924  0.04673517  0.22502522  0.7655556   0.14501369
 -0.02969216  0.26675728 -0.10847773  0.10175025 -0.03167486  0.24594137
  0.2741138  -0.30291092 -0.07729492  0.27185324  0.04322879 -0.37710217
  0.23802821  0.05664231 -0.34791848  0.1840592  -0.04310977 -0.31586796
  0.20485198  0.07128625  0.13899305 -0.3995926  -0.3056728   0.18567038
 -0.02004164 -0.26075894 -0.38168156 -0.2536269   0.22533125  0.4463466
  0.07009132 -0.24953608  0.29805014  0.18436776  0.46819463  0.24007994
 -0.17390877  0.23295091 -0.17851064 -0.45542148  0.21158919 -0.11180869
  0.460842   -0.21529877  0.09059919  0.04125305  0.0272546   0.02904298
  0.07001016  0.57242554 -0.21319781  0.2868488   0.63430554 -0.23234913
 -0.18248081  0.10844959  0.08607005 -0.2597489  -0.13404746 -0.27303594
  0.37738302  0.00732913  0.11746725  0.04585203  0.25628436 -0.14705047
 -0.6187258   0.49493363]
[ 0.07295526  0.28311554 -0.07946569 -0.06953449 -0.31472638 -0.03697982
 -0.29558143 -0.14985706 -0.31710577 -0.2407629  -0.20192645  0.39998597
  0.20564735 -0.500599    0.29685253  0.27631932  0.13146508  0.10983945
  0.43924114 -0.42749476  0.17450307 -0.29372633 -0.22662981  0.6352403
  0.17461053 -0.02852005 -0.20935445 -0.19761926  0.01611089  0.39019132
  0.10759171 -0.31769112 -0.20747384  0.28809813  0.14627977 -0.4009527
  0.27486956  0.24359532 -0.38520473  0.03111807 -0.523186    0.12675186
  0.27929407  0.22069764  0.0925201   0.11563058  0.47117156 -0.04444005
  0.20312239  0.05819054  0.3734634  -0.37072554  0.13899705  0.02131057
  0.02402841  0.05007747  0.1813454   0.10252041  0.7012481   0.14040099
  0.0262876   0.23780158 -0.29655114  0.17890969 -0.08793046  0.2689517
  0.45153797 -0.32940584 -0.11503536  0.24324566  0.03326991 -0.39434654
  0.22067183  0.15575239 -0.25196758  0.13134043 -0.11968175 -0.3745844
  0.11719731  0.05449948  0.14525636 -0.30955508 -0.36514273  0.21181263
  0.05792483 -0.3419807  -0.3733071  -0.39303243  0.25093034  0.48297763
  0.14146155 -0.16792239  0.42120224  0.2314479   0.53053814  0.23252845
 -0.17510365  0.33787817 -0.10042042 -0.41963923  0.30953395 -0.16858692
  0.49438012 -0.24231896  0.06990778  0.05156129  0.12036904  0.10108936
  0.0740554   0.6241252  -0.21347909  0.25405228  0.5103287  -0.16246173
 -0.20659211  0.07824497  0.06006307 -0.34054312 -0.19705652 -0.30706844
  0.2833681   0.03792669  0.12967904  0.11628513  0.164347   -0.0783371
 -0.61270154  0.59981656]
[ 0.02217831  0.26540986 -0.04284882 -0.04241322 -0.2734807  -0.0670025
 -0.23408613 -0.13118081 -0.27794057 -0.2109793  -0.191715    0.37851864
  0.18485732 -0.4231433   0.18844786  0.17812656  0.1653631   0.18252692
  0.32709733 -0.36737987  0.11624532 -0.296378   -0.21864024  0.4412075
  0.17841278 -0.06760938 -0.23810883 -0.17905965  0.00801254  0.305689
  0.09632964 -0.23608689 -0.15356831  0.19766964  0.13769041 -0.3024773
  0.2739579   0.22143129 -0.3071173   0.03178285 -0.43295172  0.07322145
  0.23380482  0.21858816  0.09037995  0.16736971  0.39907628  0.00864984
  0.20108089 -0.01778415  0.4050015  -0.26390585  0.17422959  0.05073243
 -0.04647386  0.00676634  0.20714419  0.05088572  0.5328524   0.12100321
  0.03777051  0.17609613 -0.33241883  0.15900889 -0.08851388  0.2177189
  0.4665254  -0.2867055  -0.10508339  0.17338593  0.03413295 -0.31866923
  0.16204871  0.1918058  -0.1672806   0.0865958  -0.14018902 -0.3274933
  0.07115363  0.04494587  0.11597706 -0.18763012 -0.31454432  0.17625839
  0.07243383 -0.31593272 -0.30283675 -0.38745314  0.20555988  0.40728134
  0.15877663 -0.0947739   0.4114097   0.23041637  0.4552505   0.16831776
 -0.133927    0.32369918 -0.03830376 -0.32044864  0.29161006 -0.15476583
  0.42605805 -0.21883503  0.03036068  0.05142197  0.13456546  0.13023286
  0.05901426  0.52859503 -0.1713393   0.19252962  0.33520636 -0.11613885
 -0.18746799  0.04931044  0.06281719 -0.33872005 -0.17623965 -0.27068096
  0.18155418  0.044526    0.10325205  0.13459708  0.09496209 -0.02918018
 -0.4859057   0.5314386 ]
[-0.0383368   0.25061578  0.30660528 -0.02006128 -0.00789983 -0.20683634
  0.04014515 -0.12139644 -0.1432586  -0.11695245 -0.282468    0.14603935
  0.05446036 -0.05398612 -0.24976502 -0.16144645  0.16011018  0.23117107
 -0.14904627 -0.25444022 -0.01488569 -0.31962028  0.04798242 -0.18616533
  0.15295859 -0.05661958 -0.24327375  0.08743571 -0.00771917 -0.19297147
  0.17949608 -0.01309678 -0.01402291 -0.04646855  0.00866827  0.09096895
  0.20729369  0.309933   -0.09381741 -0.0656292  -0.08844312 -0.05889009
 -0.06038413  0.18967414  0.24651386  0.26184094  0.07246324  0.20408008
 -0.09089369 -0.23016506  0.3959993   0.17504211  0.1347533   0.16563293
 -0.13240689 -0.07079916  0.24243677 -0.1416537  -0.25020725 -0.05047756
 -0.00490598 -0.16037042 -0.5392847  -0.01753345 -0.00744145  0.14614089
  0.11883201 -0.1269965  -0.16765857 -0.09223247 -0.01897217  0.08058058
  0.04674025  0.3787359   0.3203588   0.02992472 -0.12001706 -0.1730135
 -0.09833503  0.12444339  0.06595874  0.17931873 -0.00216273 -0.03031548
  0.25227875 -0.10549052 -0.01428184 -0.2779005  -0.09737578 -0.06235287
  0.02428744  0.0987489   0.2306776   0.19724992  0.05500374  0.01803355
  0.14097725  0.17504478  0.17928591  0.03905572  0.16195303 -0.23489301
  0.09358009  0.03019116 -0.1826723   0.03713757  0.22316013 -0.02776404
  0.09425075  0.06489868 -0.00129163 -0.03304785 -0.34946516  0.13894324
  0.06180736 -0.03860189  0.08327937 -0.03403317 -0.04773491 -0.00920805
 -0.22444254 -0.05942035  0.09555481  0.36990425 -0.20781747  0.15580553
 -0.0288212   0.12773712]
[-0.20233198 -0.04882576  0.04065113  0.12341677  0.02516471 -0.21472502
  0.0662898   0.04107641 -0.05287091  0.01113535 -0.08382522  0.23430894
  0.0213033  -0.02259974 -0.20864996 -0.20235027  0.14679928  0.35461822
 -0.23450163  0.00190373 -0.08253848 -0.10813495 -0.11360945 -0.35802794
  0.15605374 -0.17295578 -0.23797771  0.00184633 -0.01500054 -0.06923001
 -0.05372742  0.18738754  0.11809385 -0.13924462  0.08892299  0.14210102
  0.21834823  0.09138906  0.07448898  0.06763516  0.10092181 -0.13733983
 -0.00149682  0.13803414 -0.05464692  0.15816724 -0.08256745  0.16441984
  0.15268806 -0.32336938  0.3524815   0.17908537  0.24323596  0.07617614
 -0.32755008 -0.16066623  0.2491904  -0.27142784 -0.24174981 -0.00678588
  0.13568698 -0.08576503 -0.20995535  0.16987336 -0.12667006 -0.1260738
  0.37235966  0.07664091  0.0425221  -0.14848837 -0.04388703  0.01687682
 -0.12628263  0.1213814   0.18330188 -0.21461044 -0.16297808 -0.0119177
 -0.21321957 -0.13666777 -0.0812295   0.28398728 -0.06082601  0.04978804
  0.13697982 -0.12138127  0.12781143 -0.17055777  0.01925925 -0.03097778
  0.16660962  0.2542547   0.19921793  0.02401849  0.00674012 -0.10835676
 -0.01049262  0.10999277  0.18853335  0.21020256  0.16036616 -0.00799322
 -0.04673229 -0.02984893 -0.01971262  0.00755901  0.13143128  0.21620584
 -0.03040813 -0.02524607  0.07054248 -0.17303278 -0.37111074  0.17411757
 -0.04303383 -0.09064645 -0.07074506 -0.15747291 -0.08785716 -0.00201679
 -0.28356984  0.08164618 -0.0770935   0.03150009 -0.21596284  0.17598706
  0.22388282  0.08668533]
